OrderedDict([('convolutional_network.0.weight', tensor([[[[ 4.6929e-01,  3.2206e-01, -4.8592e-01],
          [ 3.1974e-01,  2.0582e-01, -3.4817e-01],
          [ 5.7707e-03,  1.7624e-01,  2.0975e-01]],

         [[ 3.7960e-01, -2.3189e-01, -1.1161e+00],
          [ 2.5906e-01, -2.4593e-01, -9.4786e-01],
          [ 5.7706e-02, -2.5325e-01, -4.9408e-01]],

         [[-1.6396e-01,  9.9432e-02,  1.8183e-01],
          [ 3.9622e-02, -7.9275e-02,  1.3367e-01],
          [-2.6268e-01, -5.7042e-02,  1.7672e-01]]],


        [[[ 1.1397e-01,  1.9470e-01,  7.2008e-02],
          [ 4.3330e-01,  3.9576e-01, -3.4846e-02],
          [ 5.2042e-01, -4.6526e-01, -6.6072e-01]],

         [[-7.9031e-01, -3.8086e-02,  3.3628e-01],
          [-1.6754e-01,  4.4527e-01, -4.6964e-03],
          [-5.0127e-02, -3.4090e-02, -4.5583e-01]],

         [[-5.5019e-01, -8.8871e-02,  1.0974e-01],
          [-3.0768e-02,  3.4037e-01, -3.1436e-02],
          [ 2.7534e-01, -1.3938e-01, -1.6497e-01]]],


        [[[-6.3246e-04, -5.5418e-04, -3.9441e-04],
          [-4.1104e-04, -6.4071e-04, -3.5441e-04],
          [-2.7164e-04, -1.0365e-04,  8.8444e-05]],

         [[-3.6920e-04, -6.6987e-04, -6.8915e-04],
          [-1.8575e-04, -4.4820e-04, -4.8706e-04],
          [ 1.4775e-04,  3.6168e-04, -1.5567e-04]],

         [[-3.0293e-04, -1.0246e-03, -9.5163e-04],
          [-4.5261e-05, -3.7240e-04, -5.6314e-04],
          [ 5.0924e-04,  4.9077e-04, -5.8413e-04]]],


        ...,


        [[[-4.2996e-01, -4.8533e-01, -2.8406e-01],
          [-3.1994e-01, -2.7437e-01, -2.1146e-01],
          [-5.0918e-01, -6.4257e-01,  1.3783e-01]],

         [[ 9.8347e-02,  3.6331e-01,  7.5508e-02],
          [ 6.7580e-01,  7.4574e-01,  4.6150e-02],
          [ 2.1535e-02,  3.0587e-01,  3.5484e-02]],

         [[ 2.2146e-01,  3.5847e-01, -1.9983e-01],
          [ 5.5015e-01,  6.5439e-01, -1.4221e-01],
          [ 1.6046e-01,  1.7356e-03, -3.2154e-01]]],


        [[[-2.3361e-01, -3.3403e-01,  1.7684e-01],
          [ 5.9165e-01,  3.1827e-01,  1.2075e-01],
          [ 6.2627e-01,  3.1361e-01,  3.2511e-01]],

         [[-7.3000e-01, -9.0825e-01, -3.7408e-01],
          [ 8.6615e-02, -3.0351e-01, -1.8059e-01],
          [ 1.4514e-01, -7.3482e-02,  2.5362e-02]],

         [[-5.2149e-01, -4.1877e-01,  5.8185e-03],
          [ 2.3563e-01, -1.3689e-01,  1.2082e-01],
          [ 4.4031e-01,  7.7682e-02,  4.3656e-01]]],


        [[[-3.6590e-01,  7.2825e-01, -2.1964e-01],
          [ 4.2680e-01, -1.9571e-02,  1.1646e-01],
          [ 2.9471e-01, -3.6096e-01,  3.7198e-01]],

         [[-3.6434e-01,  5.3553e-01, -3.2613e-01],
          [ 2.0918e-01, -4.4447e-01,  1.2931e-01],
          [-2.3846e-02, -6.0027e-01,  6.9996e-02]],

         [[-2.8940e-01,  1.4885e-01, -3.0249e-01],
          [ 2.0569e-01, -4.7998e-01,  1.0264e-01],
          [ 1.4956e-02, -3.9444e-01, -8.1396e-02]]]], device='mps:0')), ('convolutional_network.0.bias', tensor([-5.7981e-05,  8.5134e-04, -5.3387e-40,  5.4465e-40, -1.1895e-06,
        -1.0449e-05, -3.8639e-04, -1.8371e-04, -8.7869e-04,  4.9063e-40,
        -1.7244e-04, -2.8386e-05,  9.6842e-05, -9.1893e-04,  1.9033e-05,
         4.3294e-05,  3.8921e-08,  1.0549e-03,  1.3373e-06, -4.2227e-04,
         6.1444e-40,  1.8834e-05,  5.0366e-40,  5.5997e-40,  6.2291e-04,
         6.0211e-04,  1.3049e-04, -1.0506e-05, -6.2688e-40, -1.0110e-05,
         1.5238e-04,  1.5586e-09, -1.8935e-03,  1.7325e-06,  4.4875e-04,
         6.0934e-40,  5.6592e-40,  4.8880e-09, -5.6018e-40,  4.0392e-04,
        -4.0487e-04, -6.5410e-04, -9.4866e-05,  1.2695e-04, -1.6327e-03,
        -6.6468e-05, -3.9142e-06,  5.4495e-40, -5.1448e-04, -3.1377e-08,
         9.8902e-04,  7.6815e-04, -1.5560e-03,  7.0167e-04,  4.9726e-04,
        -1.4798e-22, -3.8614e-04,  2.5831e-04, -6.1202e-40, -1.5696e-04,
        -4.4753e-04,  3.5727e-05, -1.7125e-04, -1.9986e-04], device='mps:0')), ('convolutional_network.1.weight', tensor([ 8.1166e-01,  4.7778e-01, -1.0535e-02,  9.2190e-39,  2.4934e-01,
         4.9316e-01,  7.6889e-01,  5.4289e-01,  8.9620e-01,  5.3390e-40,
         8.7804e-01,  7.1882e-01,  8.2896e-01,  1.1733e+00,  8.0507e-01,
         1.0527e+00,  1.0779e-02,  1.5372e+00,  2.4585e-01,  1.0405e+00,
         3.9204e-04,  8.4501e-01, -4.3269e-03,  4.9520e-40,  1.4959e+00,
         8.6417e-01,  9.2504e-01,  3.9892e-01,  7.2628e-24,  8.5867e-01,
         1.1811e+00,  1.2637e-01,  1.6628e+00,  2.3149e-01,  5.3424e-01,
        -1.0245e-04,  5.8130e-03,  2.6194e-01,  4.9199e-40,  1.3265e+00,
         1.0430e+00,  1.3333e+00,  3.7851e-01,  1.2555e+00,  1.1770e+00,
         8.7490e-01,  1.1300e+00,  5.8475e-40,  5.6960e-01,  1.1165e-01,
         1.4573e+00,  7.7429e-01,  6.7042e-01,  9.4018e-01,  1.1218e+00,
         3.6382e-03,  1.1309e+00,  1.0753e+00,  2.3291e-10,  7.5331e-01,
         8.1581e-01,  8.1332e-01,  1.0478e+00,  4.8499e-01], device='mps:0')), ('convolutional_network.1.bias', tensor([-8.3212e-01, -4.0500e-01, -4.8961e-02,  6.8693e-14, -5.4692e-01,
        -7.4782e-01, -1.1898e-01, -6.8862e-01,  7.2615e-02, -4.9366e-40,
        -1.8933e-01, -2.7797e-01, -7.2757e-01,  1.0941e-01, -5.4684e-01,
        -1.0465e+00, -3.0016e-02, -1.1663e+00, -6.1479e-01,  1.1080e+00,
        -2.1372e-02, -4.8925e-01, -1.5438e-02, -5.6950e-40, -1.5594e-01,
        -5.1222e-01, -2.4268e-01, -9.3825e-01, -2.3298e-33, -1.2314e+00,
        -1.0609e+00, -2.8159e-01, -5.9658e-01, -5.1895e-01, -2.6975e-01,
        -5.6455e-10, -3.8137e-02, -6.5116e-01, -4.9283e-40,  8.1437e-01,
        -6.1725e-01, -2.1210e-01, -4.0416e-01,  6.1018e-01, -9.0523e-02,
         4.8478e-02, -3.7555e-01, -7.5966e-18,  5.8610e-01, -2.3691e-01,
        -1.7039e-01,  1.7358e-01,  4.1646e-01,  2.8297e-01,  1.1493e-01,
        -1.4918e-02, -1.2366e+00, -3.3049e-01, -4.8646e-11, -8.0311e-01,
        -4.1500e-01,  1.7383e-01, -3.2799e-01, -6.2195e-01], device='mps:0')), ('convolutional_network.1.running_mean', tensor([-7.0430e-01, -1.5064e-01, -3.7585e-03, -2.0366e-39,  1.0485e+00,
         1.0106e+00,  2.6199e-01, -7.2718e-01,  1.0463e-01, -3.8616e-40,
         2.1210e-01, -4.1192e-02, -1.2173e+00, -1.9350e-01, -1.6149e-01,
        -9.9404e-01,  4.9442e-01, -1.0656e+00,  7.6527e-01, -5.2827e-03,
        -1.3381e-11, -4.4808e-01,  5.8426e-39,  1.4056e-39, -8.0806e-02,
         3.9463e-01,  9.8693e-02,  7.0920e-01,  2.4740e-39,  9.3988e-02,
        -3.1402e-01, -1.2170e-01, -2.4143e-01,  6.2810e-01,  1.6435e+00,
         1.4602e-39,  9.6200e-05, -5.2314e-01,  3.5524e-39,  1.8672e-02,
         2.1284e-01,  8.3730e-02, -3.8364e-01, -4.3255e-02,  4.5019e-02,
         4.7925e-02,  2.6009e-01, -3.7946e-40, -1.2640e-01, -2.5020e-01,
        -3.0968e-04,  4.9452e-02,  7.0837e-02,  9.4215e-02, -2.6522e-01,
        -4.4711e-03, -1.7163e+00, -1.9463e-02, -2.4105e-39, -5.1337e-01,
        -3.5963e-01,  1.9684e-01, -5.9890e-02, -3.4049e-01], device='mps:0')), ('convolutional_network.1.running_var', tensor([2.4909e-01, 4.1833e-02, 3.9171e-06, 5.6052e-45, 3.0486e-01, 3.2849e-01,
        1.1150e-01, 1.7699e-01, 6.9672e-02, 5.6052e-45, 1.5870e-01, 8.7102e-03,
        6.8234e-01, 2.3814e-01, 3.1736e-02, 4.4543e-01, 6.3518e-02, 5.0178e-01,
        1.3495e-01, 2.8852e-02, 4.3500e-23, 2.6302e-01, 5.6052e-45, 5.6052e-45,
        2.6227e-01, 2.5097e-01, 2.2092e-01, 1.5472e-01, 5.6052e-45, 3.0449e-02,
        6.3982e-02, 4.7882e-03, 8.2548e-02, 1.0301e-01, 5.9788e-01, 5.6052e-45,
        4.6387e-09, 7.6912e-02, 5.6052e-45, 3.4545e-03, 2.4543e-01, 1.2374e-01,
        1.0850e-01, 2.5310e-03, 9.5277e-02, 1.0033e-01, 2.2675e-01, 5.6052e-45,
        3.1260e-02, 2.3371e-02, 9.4941e-02, 3.4048e-02, 8.4983e-03, 7.1754e-03,
        2.1034e-01, 8.2009e-06, 9.0714e-01, 3.9087e-02, 5.6052e-45, 2.1611e-01,
        2.0311e-01, 1.2491e-01, 2.1221e-01, 7.4409e-02], device='mps:0')), ('convolutional_network.1.num_batches_tracked', tensor(270271, device='mps:0')), ('convolutional_network.2.weight', tensor([[[[-3.0823e-01,  5.8655e-01, -1.5911e-01],
          [-4.0846e-01,  5.6825e-01, -1.6627e-01],
          [-4.7816e-01,  2.9439e-01,  2.1675e-01]],

         [[-6.3780e-02, -1.5847e-01, -6.2466e-02],
          [ 2.7703e-01, -5.3463e-01, -2.5335e-01],
          [ 1.7324e-01,  9.6930e-02,  1.3318e-01]],

         [[ 5.4096e-07,  5.1374e-09, -1.5127e-07],
          [ 2.8262e-07,  1.8317e-08, -1.0183e-08],
          [-3.6974e-07, -8.0897e-08, -6.6934e-09]],

         ...,

         [[ 4.9650e-01, -1.0022e-01, -5.7016e-01],
          [ 4.1002e-02,  1.8441e-01, -1.2880e-01],
          [ 2.2112e-01,  5.9371e-01, -1.2210e-01]],

         [[ 2.5079e-01,  1.3323e-01,  2.2979e-03],
          [ 8.3810e-02, -7.1555e-02, -8.6731e-02],
          [ 1.5105e-01, -2.2381e-01, -3.4994e-01]],

         [[-3.1800e-01, -2.3685e-02, -1.6131e-01],
          [-3.5766e-01, -3.5058e-01,  5.5931e-03],
          [ 6.7903e-03,  3.7298e-02,  5.1072e-02]]],


        [[[ 1.0072e-02, -2.1845e-02, -3.4112e-02],
          [ 3.8506e-02,  1.5345e-02, -3.2680e-02],
          [-2.2599e-02, -2.4911e-02, -3.5793e-02]],

         [[ 5.6140e-02,  1.6484e-02, -4.9323e-03],
          [ 6.5218e-02,  1.6048e-02,  4.7281e-02],
          [ 1.1432e-02, -5.9701e-02,  5.4952e-03]],

         [[-5.5330e-40, -5.7411e-40, -5.1783e-40],
          [-5.2106e-40, -5.8745e-40, -4.9867e-40],
          [-5.8169e-40, -5.3792e-40,  5.3800e-40]],

         ...,

         [[ 1.8211e-02,  1.7863e-02,  1.4535e-02],
          [ 2.5689e-02,  1.3933e-03, -5.5993e-03],
          [ 3.7307e-02,  4.8955e-02,  4.6594e-04]],

         [[ 1.9746e-02, -1.7070e-02, -9.1477e-03],
          [-4.8783e-02, -5.2712e-02, -5.9837e-02],
          [ 3.1650e-02,  1.0683e-02, -9.6955e-03]],

         [[-1.3632e-02, -1.3490e-03,  2.5120e-02],
          [ 8.6823e-03, -7.5706e-03,  7.6134e-03],
          [-3.0588e-02, -2.1311e-03,  1.2153e-02]]],


        [[[-3.2170e-01,  2.3797e-01, -1.5301e-01],
          [-9.0465e-02, -1.2039e-01, -1.7922e-02],
          [ 2.1643e-01,  1.7104e-01,  2.2294e-01]],

         [[-2.7599e-01, -2.1970e-02, -1.0117e-01],
          [ 3.1054e-01,  7.4164e-02,  2.5995e-01],
          [ 1.8466e-02,  2.7751e-01,  9.9264e-02]],

         [[ 2.1916e-08,  5.6525e-08, -3.7218e-08],
          [ 7.4610e-09,  2.4399e-09, -3.0899e-10],
          [ 3.1793e-09,  1.3814e-09, -2.3390e-12]],

         ...,

         [[-7.2808e-01,  1.9745e-01,  3.4798e-01],
          [-3.1123e-01,  2.4211e-01,  7.2152e-02],
          [-1.2738e-01,  4.6728e-01,  3.3224e-01]],

         [[-4.3056e-01, -6.6114e-01, -2.1192e-01],
          [-2.9304e-01, -4.5529e-01, -3.9608e-01],
          [-5.1146e-02, -3.1766e-03, -2.0167e-01]],

         [[-6.5641e-02,  2.5540e-01, -3.9919e-02],
          [ 3.7465e-02, -4.2107e-02, -2.4847e-02],
          [ 3.0242e-01, -2.4178e-01, -1.0213e-01]]],


        ...,


        [[[-3.6075e-01, -1.6340e-01,  3.3820e-03],
          [ 3.8456e-02, -9.2881e-03, -7.4726e-02],
          [ 2.4732e-01,  9.0809e-02, -2.5088e-01]],

         [[-1.1720e-01, -3.1868e-01, -2.6830e-01],
          [-4.7834e-02, -6.2496e-02, -2.2471e-02],
          [-1.2931e-01,  2.3812e-02,  1.2411e-01]],

         [[-1.2576e-17, -9.6853e-12, -2.4921e-12],
          [-2.8815e-17, -8.0481e-12, -6.2809e-12],
          [ 6.9057e-16, -8.3215e-16, -8.9596e-12]],

         ...,

         [[ 1.9040e-01, -2.7879e-01, -1.6366e-01],
          [ 9.6148e-02,  1.5678e-01,  2.0870e-01],
          [-1.6759e-01,  8.7382e-03,  1.9262e-01]],

         [[-6.6318e-02, -1.0414e-01, -2.7545e-01],
          [-2.6886e-01, -1.6570e-01,  6.7872e-04],
          [-3.5434e-01, -1.0319e-01, -9.9804e-02]],

         [[-3.8093e-02, -8.0241e-02,  1.0367e-01],
          [-2.4950e-01,  1.7795e-02,  1.3766e-02],
          [-1.8017e-01, -8.3532e-02, -2.4664e-01]]],


        [[[-8.2554e-02, -1.1026e-01, -1.0746e-01],
          [-4.8989e-02, -2.6206e-02, -1.2906e-01],
          [ 7.8325e-02,  1.4631e-01, -7.8769e-02]],

         [[-1.4736e-01, -1.6491e-01,  2.4191e-01],
          [-3.2641e-02,  1.4410e-01,  5.3369e-03],
          [-5.8513e-02,  4.9706e-02, -2.1780e-01]],

         [[-8.1475e-20, -1.5756e-18, -5.3229e-17],
          [-1.7118e-23, -8.7331e-19, -1.1978e-15],
          [-1.9131e-24, -3.8321e-20, -6.1109e-16]],

         ...,

         [[ 2.4208e-02, -3.1531e-01,  1.3935e-01],
          [-1.0287e-01, -8.6082e-03,  1.8236e-02],
          [ 2.8233e-02,  5.1488e-01,  8.8701e-02]],

         [[-2.8892e-01,  8.0078e-02,  1.6962e-01],
          [ 8.1765e-02, -3.9755e-01, -4.1814e-01],
          [ 1.8247e-01, -1.6836e-01, -2.2231e-01]],

         [[ 5.7252e-02,  2.0118e-01,  1.3704e-01],
          [-1.0705e-01,  1.2263e-01, -2.0062e-02],
          [ 5.1848e-02, -6.5036e-02, -9.9178e-03]]],


        [[[ 1.2869e-01, -9.9103e-02,  3.8188e-03],
          [-2.4347e-01, -2.5165e-01, -2.3282e-01],
          [-2.6417e-01, -1.1474e-01,  9.2068e-02]],

         [[-2.1813e-01, -2.0497e-01, -1.0990e-01],
          [-1.8381e-01, -1.3541e-01, -3.2573e-02],
          [ 3.5762e-01,  3.2721e-01,  1.1859e-01]],

         [[ 3.0211e-12,  2.1563e-10,  6.1921e-10],
          [-5.9847e-15,  4.3901e-16,  9.4438e-16],
          [ 9.0251e-17,  6.6959e-22,  1.7480e-18]],

         ...,

         [[-7.1127e-03,  2.0118e-02, -2.9070e-02],
          [-8.6918e-02, -6.7035e-03, -1.6303e-01],
          [-4.2464e-01, -5.1855e-01, -5.0621e-01]],

         [[-5.1226e-02,  1.4673e-01,  2.0158e-01],
          [-1.9806e-01, -1.9625e-01, -1.2332e-01],
          [-6.3451e-02,  3.5255e-01,  1.1010e-01]],

         [[-9.6383e-03, -8.9522e-02, -6.6154e-02],
          [-2.1528e-01, -3.0109e-01, -1.7468e-01],
          [ 7.6082e-02,  9.8009e-02, -8.4282e-02]]]], device='mps:0')), ('convolutional_network.2.bias', tensor([ 3.6895e-05, -2.4792e-06,  3.3297e-05, -3.2741e-05, -1.0235e-04,
        -1.7206e-05,  3.0045e-05,  5.2164e-08, -1.5444e-06, -1.1303e-05,
         3.2118e-05,  1.6821e-05,  1.3639e-06,  7.8980e-06, -1.8252e-05,
         9.5846e-06, -1.9778e-05, -2.1796e-05,  9.1894e-07,  4.8358e-06,
        -3.5503e-30,  6.3162e-05,  3.6189e-05,  5.6736e-40, -2.3542e-05,
        -5.3191e-40,  1.0800e-05,  5.3741e-05, -1.4937e-06, -5.3419e-06,
         9.1200e-06, -2.2343e-05, -1.8114e-05,  6.6139e-06,  2.4831e-05,
         1.4747e-05, -2.4748e-06,  9.8941e-06, -5.0085e-40,  3.1683e-05,
        -7.7809e-06,  1.2978e-05, -1.0021e-05, -2.7784e-05,  3.8376e-05,
         2.1209e-05, -2.0834e-05,  1.2461e-05, -3.6396e-07, -1.2351e-05,
        -1.4203e-05,  5.6221e-40,  3.0326e-05, -5.6509e-40, -1.0129e-05,
         6.4612e-05,  2.1528e-05,  3.9343e-07,  2.2144e-05,  7.2523e-07,
        -2.7752e-05, -2.3404e-05,  1.0319e-05,  6.2013e-40, -1.8377e-05,
         1.1717e-05,  1.9240e-05, -1.0732e-05,  1.7164e-05, -5.9592e-40,
         6.0498e-40, -2.6853e-07,  6.4067e-05,  3.2897e-05,  1.4029e-05,
         5.4121e-06, -5.7837e-06, -5.8152e-05,  5.6530e-05,  3.8504e-05,
        -6.3304e-05, -4.6842e-05,  1.0561e-05, -1.2241e-08,  7.1228e-05,
         5.0966e-06,  5.2843e-40,  2.0361e-05,  5.5952e-05,  1.3075e-05,
        -2.1130e-05, -2.3824e-05, -1.3208e-05, -9.0367e-06,  7.7005e-06,
        -3.3067e-06, -7.2073e-10,  1.2234e-05,  3.5841e-05, -1.4965e-05,
         2.4782e-05,  2.4044e-05, -1.9254e-08,  2.6212e-05,  1.4770e-05,
         5.6517e-06, -5.9706e-06,  2.3411e-05, -1.0715e-05,  4.3981e-06,
        -2.2963e-05,  1.0670e-05,  2.8666e-05, -3.0461e-06,  1.0903e-05,
         1.1187e-05, -1.9887e-05,  3.2701e-05, -5.3549e-06, -4.5497e-06,
         1.2846e-06,  1.1728e-07,  2.6425e-05, -3.5137e-05,  1.4648e-05,
        -9.4199e-06,  5.7632e-05,  8.0124e-06], device='mps:0')), ('convolutional_network.3.weight', tensor([ 1.2745e+00,  2.5115e-02,  1.2583e+00,  8.9911e-01,  1.0404e+00,
         1.0931e+00,  9.1671e-01,  8.0457e-01,  5.2338e-01,  8.8828e-01,
         1.2704e+00,  7.9988e-01,  2.9656e-01,  9.4877e-01,  9.1094e-01,
         9.5739e-01,  8.2085e-01,  5.4438e-01,  1.1806e+00,  9.8342e-01,
         4.0646e-04,  1.3131e+00,  9.6271e-01,  7.5201e-04,  9.2050e-01,
        -4.9079e-40,  1.0399e+00,  9.7618e-01,  4.0164e-01,  7.8308e-01,
         1.0568e+00,  1.2132e+00,  8.7390e-01,  9.2016e-01,  1.2120e+00,
         8.5299e-01,  5.7954e-01,  5.8708e-01,  6.2585e-03,  7.3839e-01,
         8.5414e-01,  1.1068e+00,  1.0001e+00,  9.7875e-01,  1.0747e+00,
         8.6568e-01,  4.1799e-01,  9.4427e-01,  1.1350e+00,  1.0405e+00,
         7.0232e-01,  5.4000e-40,  7.8970e-01, -5.6690e-04,  9.6616e-01,
         8.9134e-01,  7.9764e-01,  5.0492e-01,  8.8057e-01,  9.7480e-01,
         8.2775e-01,  6.6241e-01,  9.2736e-01, -1.6922e-04,  8.2296e-01,
         4.6115e-01,  1.1790e+00,  6.3879e-01,  1.0633e+00,  2.3172e-16,
         4.9275e-40,  9.5825e-01,  1.0886e+00,  9.8905e-01,  7.7961e-01,
         6.6620e-01,  3.3846e-01,  1.0168e+00,  1.2701e+00,  7.9209e-01,
         1.2174e+00,  1.2569e+00,  1.0091e+00,  9.6268e-01,  1.0313e+00,
         1.0817e+00, -4.3045e-04,  1.1560e+00,  8.2504e-01,  7.6429e-01,
         1.2166e+00,  1.0971e+00,  1.0066e+00,  9.0563e-01,  9.5314e-01,
         1.0214e+00,  1.8922e-02,  9.6614e-01,  8.0711e-01,  8.8031e-01,
         1.0759e+00,  9.2017e-01,  2.8625e-01,  1.1419e+00,  9.6076e-01,
         8.6385e-01,  8.5545e-01,  9.8504e-01,  7.4199e-01,  8.7844e-01,
         1.2005e+00,  1.2477e+00,  8.8062e-01,  9.9823e-01,  1.0181e+00,
         9.6001e-01,  1.2394e+00,  7.8673e-01,  1.0514e+00,  1.0126e+00,
         9.4788e-01,  3.1130e-01,  1.1609e+00,  9.7126e-01,  1.3455e+00,
         8.5406e-01,  8.3827e-01,  7.6787e-01], device='mps:0')), ('convolutional_network.3.bias', tensor([-1.4658e-01,  3.7440e-02, -8.1129e-01, -3.9613e-01, -7.2282e-02,
        -8.0209e-01, -3.8261e-01, -4.2250e-01, -8.6007e-01, -5.8512e-01,
        -7.6755e-01, -8.3254e-01, -3.8415e-01, -8.6879e-01, -8.1247e-01,
        -7.1167e-01, -2.8694e-01, -6.1174e-01, -4.4045e-01, -4.1029e-01,
        -1.0532e-02, -5.7790e-01, -2.4686e-01, -4.9346e-05, -1.2308e-01,
        -3.9882e-14, -4.9316e-01, -4.3910e-01, -5.1190e-01, -6.4981e-01,
        -2.8386e-01, -1.1572e+00, -1.6822e-01, -3.2727e-01, -1.0433e+00,
        -7.9593e-01, -4.3673e-01, -6.2991e-01, -4.7705e-02, -1.4567e-01,
        -4.7198e-01, -4.7451e-01, -5.5055e-01, -6.7456e-01, -4.3391e-01,
        -3.1889e-01, -9.2893e-01, -2.6672e-01, -2.2690e-01, -5.4142e-01,
        -8.3054e-01, -9.8029e-22, -2.1337e-01, -1.7140e-02, -8.5585e-01,
        -3.8966e-01, -3.9832e-01, -8.8052e-01, -5.8479e-01, -9.5714e-01,
        -9.3070e-01, -2.7888e-01, -1.0080e+00, -7.8086e-04, -1.5515e-01,
        -6.4549e-01, -5.1473e-01, -2.0261e-01, -4.8769e-01, -4.4100e-29,
        -1.2285e-04, -3.7237e-01, -5.8747e-01, -7.5709e-01, -5.2583e-01,
        -5.8869e-01, -2.9671e-01, -6.7458e-01, -8.7188e-01, -3.6772e-01,
        -5.9975e-01, -5.0676e-01, -4.2430e-01, -5.4901e-01, -3.6672e-01,
        -6.3427e-01, -5.0119e-03, -1.0410e+00, -1.1386e+00, -7.1098e-01,
        -7.7600e-01, -1.2415e+00, -9.4813e-01, -7.5496e-01, -7.6107e-01,
        -5.3890e-01, -1.1493e-01, -7.3093e-02, -4.0247e-01, -8.4770e-01,
        -1.0157e+00, -7.0631e-01, -9.1146e-01, -1.1974e+00, -2.5847e-01,
        -3.5139e-01, -7.4017e-01, -4.3511e-01, -2.7343e-01, -1.2959e+00,
        -5.1971e-01, -1.0905e+00, -9.5260e-01, -1.1063e+00, -6.8165e-01,
        -9.2055e-01, -6.1727e-01, -4.6964e-01, -5.5456e-01, -6.1086e-01,
        -1.1305e+00, -7.7782e-01, -8.2920e-01, -3.0598e-01, -9.3268e-01,
        -8.9798e-01, -5.6196e-01, -6.3287e-01], device='mps:0')), ('convolutional_network.3.running_mean', tensor([-5.4079e+00,  2.1738e+00, -7.0983e+00, -6.9155e+00, -5.1704e+00,
        -5.3971e+00, -7.2316e+00, -3.9786e+00, -2.3575e+00, -4.7123e+00,
        -8.3350e+00, -3.5963e+00, -8.6134e+00,  3.2792e+00, -4.4021e+00,
        -6.5051e+00, -6.8685e+00, -4.4421e+00, -1.0027e+01, -5.2354e+00,
         1.0404e+00, -5.8962e+00, -5.9032e+00, -3.3470e-39, -5.8895e+00,
         6.6121e-39, -4.3379e+00, -1.9303e+00, -8.9262e+00, -5.1153e+00,
        -7.2385e+00, -1.9686e+00, -2.4072e+00, -6.1624e+00, -5.8909e+00,
        -3.9512e+00, -2.0040e+00, -8.8683e+00,  3.5508e-07, -5.4744e+00,
        -5.6743e+00, -1.8563e+00, -3.4562e+00, -5.8335e+00, -5.3897e+00,
        -7.3756e+00, -2.0019e-03, -2.5118e+00, -6.2026e+00, -7.7503e+00,
         3.1736e-01, -9.7822e-40, -3.9641e+00, -1.8094e-14, -7.9299e+00,
        -5.6103e+00, -2.4589e+00, -4.8649e+00, -7.0513e+00, -4.2859e+00,
        -5.3433e+00, -5.4161e+00, -4.5469e+00,  3.3781e-38, -5.7003e+00,
        -6.5540e+00, -6.4745e+00, -5.8179e+00, -6.6310e+00, -1.1977e-38,
        -7.6602e-40, -5.7063e+00, -2.2021e+00, -8.1994e+00, -1.5496e+00,
        -6.7500e+00, -5.5385e+00, -6.0042e+00, -4.5869e+00, -6.3942e+00,
        -7.1519e+00, -6.4635e+00, -8.7959e+00, -5.6414e+00, -7.7093e+00,
        -6.6167e+00, -2.4824e-07, -4.1578e+00, -1.3818e+00, -3.6094e+00,
        -7.9023e+00, -4.5898e+00, -6.2258e+00, -1.5887e+00, -4.5424e+00,
        -7.9671e-01,  9.0044e-01, -1.8512e+00, -2.4236e+00, -3.9619e+00,
        -3.5898e+00, -6.3084e+00,  6.4178e+00, -2.3075e+00, -3.3521e+00,
        -4.0290e+00, -6.1757e+00, -8.1009e+00, -7.4424e+00, -1.8720e+00,
        -7.9104e+00, -7.6836e-01, -1.3794e+00, -8.1603e-01, -7.9915e+00,
        -6.8137e+00, -3.5008e+00, -3.6811e+00, -6.6397e+00, -1.1576e+01,
        -3.4411e+00, -7.5357e-01, -6.6119e+00, -9.1939e+00, -8.9653e+00,
        -1.1740e-03, -2.3218e+00, -1.0584e+01], device='mps:0')), ('convolutional_network.3.running_var', tensor([3.7174e+01, 1.9495e+00, 5.4887e+01, 4.1035e+01, 2.2836e+01, 2.7652e+01,
        2.8198e+01, 2.5280e+01, 1.7002e+01, 4.2386e+01, 4.4517e+01, 3.7666e+01,
        3.1614e+01, 3.1312e+01, 3.5971e+01, 3.6205e+01, 3.5043e+01, 2.6566e+01,
        6.6741e+01, 3.6333e+01, 1.3674e+00, 3.9650e+01, 2.9209e+01, 5.6052e-45,
        2.3623e+01, 5.6052e-45, 3.4289e+01, 2.3879e+01, 3.1825e+01, 4.8809e+01,
        5.6341e+01, 5.7203e+01, 3.4224e+01, 5.3121e+01, 3.7537e+01, 2.5909e+01,
        2.1753e+01, 3.9513e+01, 2.0857e-13, 4.1562e+01, 3.1882e+01, 1.9079e+01,
        3.2754e+01, 2.2270e+01, 3.0582e+01, 5.6963e+01, 1.0730e+01, 2.2144e+01,
        4.4294e+01, 3.5914e+01, 3.9183e+01, 5.6052e-45, 3.1506e+01, 2.0493e-28,
        4.0143e+01, 3.4246e+01, 3.1787e+01, 1.9656e+01, 5.8979e+01, 2.9752e+01,
        3.3179e+01, 2.2876e+01, 2.5272e+01, 5.6052e-45, 4.3180e+01, 2.5209e+01,
        5.2870e+01, 3.7661e+01, 3.6095e+01, 5.6052e-45, 5.6052e-45, 2.3245e+01,
        2.7590e+01, 3.6675e+01, 4.3200e+01, 3.1732e+01, 2.4363e+01, 3.6917e+01,
        3.1675e+01, 4.4315e+01, 4.1923e+01, 6.6818e+01, 4.7713e+01, 4.4914e+01,
        3.3692e+01, 4.0764e+01, 4.7866e-14, 3.5744e+01, 2.6235e+01, 2.7888e+01,
        3.5380e+01, 4.3427e+01, 3.5752e+01, 3.3068e+01, 2.8938e+01, 5.5079e+01,
        7.4255e-01, 2.2473e+01, 2.5917e+01, 3.4228e+01, 3.6535e+01, 3.1237e+01,
        1.3369e+01, 3.8837e+01, 3.4578e+01, 3.1512e+01, 2.6699e+01, 5.1815e+01,
        3.2006e+01, 2.3100e+01, 2.5710e+01, 2.2288e+01, 3.0150e+01, 4.6161e+01,
        3.5501e+01, 2.9081e+01, 4.9470e+01, 2.4090e+01, 2.1690e+01, 5.5632e+01,
        3.6403e+01, 1.7232e+01, 3.9870e+01, 5.5491e+01, 4.3380e+01, 2.6180e+01,
        3.8754e+01, 3.7263e+01], device='mps:0')), ('convolutional_network.3.num_batches_tracked', tensor(270271, device='mps:0')), ('convolutional_network.4.weight', tensor([[[[ 4.9314e-40, -4.9282e-40, -4.9404e-40],
          [ 4.9505e-40,  4.9159e-40,  4.9466e-40],
          [ 4.9153e-40,  4.9175e-40, -4.9347e-40]],

         [[-4.9419e-40, -4.9354e-40,  4.9391e-40],
          [-4.9261e-40, -4.9311e-40, -4.9302e-40],
          [-4.9344e-40, -4.9402e-40, -4.9159e-40]],

         [[ 4.9329e-40,  4.9121e-40,  4.9324e-40],
          [ 4.9176e-40,  4.9371e-40,  4.9105e-40],
          [ 4.9377e-40,  4.9248e-40,  4.9216e-40]],

         ...,

         [[-4.9455e-40,  4.9171e-40,  4.9372e-40],
          [ 4.9123e-40, -4.9109e-40,  4.9292e-40],
          [ 4.9404e-40, -4.9091e-40,  4.9087e-40]],

         [[ 4.9286e-40, -4.9209e-40, -4.9346e-40],
          [-4.9146e-40, -4.9301e-40,  4.9075e-40],
          [-4.9519e-40, -4.9355e-40,  4.9505e-40]],

         [[ 4.9419e-40,  4.9312e-40,  4.9419e-40],
          [ 4.9369e-40,  4.9071e-40,  4.9510e-40],
          [-4.9046e-40, -4.9319e-40, -4.9500e-40]]],


        [[[-3.1549e-01, -2.0088e-01,  2.6737e-01],
          [ 2.4455e-01, -9.3344e-02, -4.0758e-01],
          [-1.1812e-01,  1.0435e-01, -5.0171e-01]],

         [[-1.8141e-03, -5.1230e-02, -4.1536e-02],
          [ 1.5139e-02, -6.2087e-02, -5.9644e-02],
          [ 3.9819e-02, -2.6773e-02, -3.9943e-02]],

         [[ 1.1809e-01, -8.0913e-02,  4.7873e-02],
          [-2.4089e-02,  2.3768e-02,  1.2103e-01],
          [-4.4167e-02, -2.1634e-01, -3.5549e-01]],

         ...,

         [[ 9.7055e-02,  2.3566e-01,  4.6676e-02],
          [ 1.7100e-01, -3.7442e-02, -6.6920e-02],
          [-5.9834e-02,  4.0583e-02,  2.7023e-02]],

         [[ 2.4484e-02, -9.5497e-02,  2.1652e-01],
          [ 2.4530e-01, -1.2244e-01,  5.0751e-02],
          [ 1.2195e-02,  1.0236e-01, -1.4671e-01]],

         [[ 2.2882e-01,  1.6674e-01,  2.4658e-01],
          [ 1.6028e-01,  2.4159e-01, -6.7864e-02],
          [ 9.2761e-02,  1.5444e-01,  2.0044e-01]]],


        [[[-1.6923e-01, -2.1824e-01, -4.3671e-02],
          [ 2.9828e-01,  3.2240e-01, -3.9029e-01],
          [ 3.9021e-01, -4.3950e-01,  2.5903e-01]],

         [[ 9.0242e-02,  9.5109e-02,  7.2188e-02],
          [ 8.0008e-02,  4.8346e-02,  2.4203e-02],
          [ 4.4968e-02,  6.0316e-02,  6.0401e-02]],

         [[ 1.1943e-01,  4.2123e-01,  4.0433e-01],
          [-1.3328e-01,  2.6071e-02, -5.2551e-01],
          [-1.7113e-01, -1.1771e-01,  7.4201e-02]],

         ...,

         [[-1.1289e-01,  7.0558e-01,  2.0009e-01],
          [-3.9383e-01,  8.8981e-02, -2.4605e-01],
          [-2.7735e-01, -1.0085e-01, -1.4270e-01]],

         [[-2.2035e-02, -7.2774e-02,  1.1179e-01],
          [ 1.9330e-01,  2.7348e-01,  2.8990e-01],
          [-1.2076e-01, -1.0234e-01,  2.3399e-02]],

         [[ 7.8215e-02, -7.6989e-04,  1.3056e-01],
          [ 5.6365e-02, -3.1199e-01,  2.5697e-02],
          [-2.5604e-01,  4.3326e-02,  8.0158e-02]]],


        ...,


        [[[-2.8236e-01,  1.2568e-01, -1.6049e-01],
          [-2.2183e-01, -3.5966e-01, -2.2999e-02],
          [ 3.9543e-01, -1.9536e-01, -1.1405e-01]],

         [[-1.1516e-02,  1.0785e-02, -5.0014e-02],
          [-3.8154e-02, -1.6198e-04, -7.7017e-02],
          [-1.3713e-02, -7.1856e-03, -9.3386e-03]],

         [[ 2.1739e-01, -1.2312e-01,  1.4560e-01],
          [-5.8664e-02,  9.5656e-02, -1.6773e-01],
          [-4.7311e-02,  5.6288e-02, -1.0784e-01]],

         ...,

         [[ 1.4742e-01, -1.4822e-01, -2.4137e-02],
          [ 3.5913e-01,  2.4099e-01, -4.2683e-02],
          [-1.1929e-01, -2.7083e-01, -4.3582e-02]],

         [[ 1.8006e-01,  1.6721e-01, -1.8683e-02],
          [ 1.4488e-01, -3.7200e-02,  6.5020e-02],
          [ 1.5086e-02, -8.9200e-02,  1.5360e-01]],

         [[-1.4829e-01, -2.0892e-01, -3.1887e-01],
          [ 7.7198e-02, -6.4832e-02, -5.6882e-02],
          [ 7.9692e-02, -1.0687e-01, -1.7502e-01]]],


        [[[ 3.7256e-03,  9.9462e-03, -5.4846e-03],
          [ 7.8307e-03, -1.2833e-02,  1.0069e-02],
          [-2.8041e-02, -1.8186e-02, -5.6521e-02]],

         [[ 3.3494e-18, -2.1899e-18, -3.1369e-18],
          [ 3.4032e-19,  7.8521e-23, -5.2119e-19],
          [ 3.3275e-18,  5.6205e-19,  7.5378e-19]],

         [[-3.1223e-03, -4.5071e-02, -9.5178e-04],
          [-1.2601e-02, -7.6105e-03,  1.4538e-02],
          [ 1.3860e-02, -2.4170e-02, -1.3660e-02]],

         ...,

         [[-1.0190e-02, -2.0407e-04, -3.7124e-02],
          [-4.5053e-03,  2.0309e-02,  6.3964e-03],
          [-6.5069e-03, -1.5779e-02, -8.3724e-04]],

         [[-1.6791e-02, -4.0437e-02,  2.9305e-03],
          [-1.2786e-03, -2.9187e-02,  1.8278e-02],
          [-8.2519e-03,  4.4035e-03, -6.7931e-03]],

         [[ 2.6440e-03,  1.9356e-03, -8.3053e-03],
          [ 6.2478e-03,  8.5397e-03,  4.7926e-03],
          [ 5.0981e-03, -4.8574e-04,  4.6678e-03]]],


        [[[-9.8072e-02,  2.8330e-01, -1.9427e-02],
          [-1.5018e-01, -7.0177e-01,  2.5391e-01],
          [ 2.5907e-01,  2.0832e-01, -1.8101e-01]],

         [[-1.6303e-02,  2.3044e-03, -1.1375e-02],
          [ 1.2792e-03,  3.1868e-04, -2.6775e-02],
          [ 2.1830e-02,  3.0457e-02,  1.1765e-02]],

         [[ 1.2786e-01,  3.4220e-02,  2.6101e-01],
          [-4.1326e-02, -1.2911e-01,  1.1911e-01],
          [ 1.8166e-01, -1.8397e-01, -1.9195e-01]],

         ...,

         [[ 1.1403e-02, -4.8926e-02,  2.6156e-03],
          [-2.6210e-01,  2.6196e-04, -3.1404e-01],
          [-8.3909e-03,  1.1652e-01, -3.2507e-01]],

         [[ 9.5226e-02,  1.2586e-01,  1.0853e-01],
          [-1.1141e-01, -1.0702e-01, -1.9864e-01],
          [-1.6329e-01, -1.2830e-01, -1.4282e-01]],

         [[ 8.2532e-02,  2.0974e-01, -1.2899e-01],
          [-9.3505e-02, -5.8380e-02,  7.1181e-02],
          [-3.4164e-01,  3.3479e-02, -1.3220e-01]]]], device='mps:0')), ('convolutional_network.4.bias', tensor([ 5.3576e-40, -3.3030e-06,  7.6106e-06, -5.5292e-40, -1.2353e-05,
         4.4163e-05,  5.4432e-40,  5.1010e-40, -2.5027e-05,  5.8757e-40,
         3.7659e-38, -5.0223e-06, -3.7683e-06,  4.3004e-06,  1.5470e-05,
         1.1316e-05,  5.9710e-40,  6.2414e-40,  2.1690e-05,  6.0891e-40,
        -9.6967e-06, -6.1489e-40,  1.3115e-06,  5.3904e-40,  1.8410e-05,
        -5.6823e-40, -6.0302e-40,  1.1309e-05, -2.0233e-06, -5.9252e-40,
         1.6290e-05, -2.5652e-05, -3.7338e-06,  8.3098e-06,  1.7096e-05,
        -5.2772e-06, -5.1278e-40,  2.9118e-05,  5.1344e-40,  2.8021e-05,
         5.8152e-07, -4.7690e-06,  1.5984e-05,  6.4268e-06,  3.0948e-05,
        -2.6799e-07,  3.6886e-17,  5.9843e-40,  1.7508e-07,  3.9917e-06,
        -1.0826e-12,  2.9481e-08, -3.8980e-08, -4.9622e-40,  1.0138e-06,
         5.2787e-40,  5.4024e-40,  1.1290e-05, -9.2562e-06, -5.1540e-06,
         1.1093e-08, -3.3236e-05,  7.3002e-10, -3.2607e-05, -5.8021e-40,
        -5.7997e-40,  2.6336e-05,  3.2878e-05, -5.7937e-40,  1.1158e-05,
        -2.9486e-05, -1.8859e-05, -8.2963e-06,  5.8617e-40, -1.9274e-05,
         1.8447e-05, -6.1806e-40, -7.5692e-06,  2.3209e-05, -3.6407e-07,
         9.9067e-08,  1.3615e-05, -5.4068e-40, -5.9176e-40, -1.4462e-10,
         2.0240e-05,  8.5207e-06,  1.7191e-05, -1.6405e-05,  2.3099e-06,
         1.3893e-06,  7.0613e-07, -5.1106e-40,  1.0734e-05, -3.9368e-08,
        -7.9155e-08,  1.3371e-05, -2.7110e-06, -4.9710e-40,  1.5720e-05,
         1.5677e-05,  7.5325e-06, -1.6028e-06, -4.3459e-06, -3.6626e-08,
        -6.0963e-40,  1.0467e-05, -2.3803e-06, -4.9586e-40, -8.5655e-06,
         6.6434e-27, -5.1740e-06, -1.3680e-06, -4.9967e-18, -5.5582e-40,
         1.1321e-05,  8.3730e-06, -2.2450e-20,  1.0318e-05,  6.1000e-06,
         1.1859e-05, -9.5487e-07,  1.1228e-05,  5.5240e-40,  8.9432e-06,
        -6.3864e-05,  4.2257e-09,  4.9557e-06,  3.5850e-05, -6.0845e-40,
         2.4788e-26, -6.6259e-06,  5.4336e-06, -2.5486e-06,  1.8166e-05,
        -2.4310e-05,  5.4509e-40,  5.7532e-40, -5.5791e-40,  2.9544e-06,
         1.1833e-06, -5.3814e-40, -1.5859e-05, -5.1204e-40,  6.9260e-06,
         9.7300e-11, -3.0734e-05, -3.0295e-05,  8.0426e-06,  4.4751e-08,
         9.2104e-06,  5.3040e-08, -1.0806e-05,  1.1750e-05, -5.3125e-40,
        -2.7045e-05, -9.2606e-06, -1.1784e-09,  1.7699e-06, -2.4349e-09,
         8.6373e-07,  5.3710e-40, -6.0549e-40,  6.0527e-40,  6.2597e-40,
         9.3259e-08, -5.3801e-40,  1.9582e-06,  7.1517e-19, -5.8011e-40,
        -5.4081e-40, -5.2264e-40,  1.2621e-07, -3.5400e-05, -1.4255e-06,
        -1.8993e-09,  6.2245e-40, -5.4752e-06, -1.7469e-05,  9.1320e-07,
        -1.4000e-05, -1.2834e-05, -2.9517e-05, -2.7275e-06, -6.0669e-40,
        -6.2554e-40,  5.5833e-08, -1.2797e-10,  2.3742e-05,  3.2942e-05,
        -8.7142e-06,  3.5731e-06, -5.4660e-40,  2.6400e-05, -1.5501e-07,
         1.3424e-06,  4.4343e-06,  6.1104e-40, -2.1568e-05, -8.4094e-06,
        -3.4702e-06,  4.1045e-06, -4.7383e-06, -1.8915e-05, -2.9102e-08,
         2.8588e-05, -4.9329e-40, -5.3777e-40,  1.1999e-06, -4.4334e-06,
        -1.9014e-06,  6.8832e-06,  1.6957e-05, -1.3704e-05,  7.6467e-07,
        -7.9247e-05,  8.6998e-06,  1.5933e-06,  2.7134e-05, -1.1354e-06,
        -1.8536e-05, -9.2429e-06, -2.7170e-05, -2.0808e-39,  1.8846e-05,
        -5.8971e-40,  1.3278e-15, -2.3769e-16, -5.1422e-40, -3.2559e-06,
        -5.5957e-40,  1.4827e-05,  1.7163e-05,  3.9515e-06, -1.2263e-05,
         4.3325e-07, -1.8342e-05, -2.6897e-05, -9.1970e-06, -8.1097e-08,
         2.0081e-16,  5.8110e-40,  4.3099e-06,  1.2626e-06, -6.0261e-40,
        -1.3041e-06,  8.4598e-06,  9.2009e-06,  6.1749e-06,  1.1361e-05,
         7.1361e-17, -5.3664e-40, -1.9068e-05, -1.9206e-06, -1.7261e-11,
         1.4784e-06], device='mps:0')), ('convolutional_network.5.weight', tensor([ 5.5351e-32,  6.1321e-01,  9.2735e-01,  5.6182e-04,  9.1047e-01,
         8.7604e-01,  6.0810e-03,  3.1418e-03,  1.0535e+00, -1.2768e-03,
         1.4138e-27,  7.9372e-01,  7.8275e-01,  7.5877e-01,  7.8306e-01,
         8.1129e-01, -7.2711e-04, -8.7529e-04,  9.1927e-01,  2.5295e-03,
         7.5773e-01, -5.9212e-40,  1.0099e+00,  5.4425e-40,  6.9176e-01,
         7.5661e-04, -3.3583e-04,  7.4445e-01,  1.1441e+00,  1.2025e-04,
         9.9226e-01,  1.0558e+00,  6.7328e-01,  9.7454e-01,  7.7629e-01,
         7.1837e-01,  2.3851e-04,  7.5628e-01,  5.1795e-40,  9.5307e-01,
         3.9147e-01,  5.7932e-01,  5.4134e-01,  7.5484e-01,  8.6817e-01,
         8.7720e-01, -1.7152e-02, -4.9164e-40,  1.1784e-01,  6.0646e-01,
         1.4736e-02,  2.1662e-01,  2.4648e-01,  6.0944e-40,  5.2854e-01,
         6.0585e-40,  4.9833e-40,  7.8190e-01,  8.6447e-01,  5.1342e-01,
         1.3487e-01,  9.6746e-01,  7.8908e-02,  8.5401e-01,  5.4535e-09,
        -1.6145e-03,  9.3786e-01,  9.9983e-01,  5.8410e-40,  1.0940e+00,
         8.2478e-01,  8.1329e-01,  8.3238e-01,  1.1415e-03,  8.4684e-01,
         9.0406e-01,  5.5194e-05,  1.2645e+00,  1.0817e+00,  5.9797e-01,
         1.9293e-01,  7.1830e-01,  4.9847e-40, -4.9857e-40,  2.7318e-01,
         6.9890e-01,  8.7849e-01,  8.2597e-01,  6.8203e-01,  8.9680e-01,
         3.8307e-01,  3.0523e-01,  3.2393e-04,  1.0526e+00,  1.2063e-01,
         1.2801e-01,  8.0060e-01,  7.6324e-01,  5.9551e-40,  7.9305e-01,
         7.1316e-01,  6.8079e-01,  9.9570e-01,  8.9614e-01,  2.2655e-01,
         1.1355e-01,  8.9481e-01,  8.6351e-01,  4.9141e-40,  7.7314e-01,
         3.1155e-19,  1.1514e+00,  8.9311e-01, -2.3666e-03,  4.9934e-40,
         9.4771e-01,  5.1099e-01, -2.4369e-03,  6.9160e-01,  1.0184e+00,
         7.8454e-01,  7.7378e-01,  6.8729e-01, -9.7701e-04,  9.9129e-01,
         8.0775e-01,  2.2400e-01,  7.0663e-01,  1.0335e+00, -7.7310e-03,
        -8.2030e-09,  7.4242e-01,  7.3477e-01,  1.0005e+00,  9.8112e-01,
         8.4564e-01, -3.5128e-03,  1.2864e-05,  5.0908e-40,  3.9494e-01,
         6.5606e-01,  5.0164e-40,  9.7023e-01,  1.3751e-03,  7.4829e-01,
         1.7429e-01,  9.5895e-01,  1.0112e+00,  5.7137e-01,  1.8658e-01,
         6.8746e-01,  6.5538e-02,  4.8210e-01,  9.2401e-01, -5.1355e-04,
         9.5115e-01,  9.5689e-01,  1.0281e-02,  7.8562e-01,  1.4565e-01,
         3.1621e-01, -3.5373e-04,  8.3771e-06,  6.5818e-37, -1.9609e-03,
         3.6661e-01, -5.6501e-40,  3.1712e-01, -1.8787e-03, -2.2883e-03,
         9.2232e-10, -5.4783e-40,  1.7043e-01,  9.5251e-01,  8.4304e-01,
         3.6644e-01,  5.3152e-40,  5.9374e-01,  6.4763e-01,  1.2683e-01,
         6.5987e-01,  8.4425e-01,  9.1794e-01,  8.6175e-01, -4.9742e-40,
         1.0226e-03,  7.8376e-01, -8.4129e-03,  7.6526e-01,  9.0383e-01,
         6.0702e-01,  8.9841e-01, -6.1476e-05,  8.1678e-01,  7.7578e-01,
         8.0798e-01,  8.9255e-01,  2.3074e-04,  1.0415e+00,  5.0836e-01,
         7.3565e-01,  7.5110e-01,  7.4911e-01,  8.0599e-01,  4.2933e-02,
         7.3003e-01,  4.9262e-40, -2.7763e-10,  9.6219e-01,  5.8831e-01,
         8.2809e-01,  8.4512e-01,  9.1944e-01,  7.5690e-01,  2.0610e-01,
         9.4634e-01,  7.9404e-01,  4.7988e-01,  8.3305e-01,  6.5524e-01,
         7.5585e-01,  8.5311e-01,  7.8563e-01,  1.1611e-03,  9.0655e-01,
        -4.9538e-40,  8.5700e-03, -3.8445e-03,  7.0467e-04,  9.2470e-01,
         5.1853e-40,  9.7835e-01,  7.6893e-01,  5.7629e-01,  6.9434e-01,
         1.0160e+00,  1.1268e+00,  7.8866e-01,  8.6170e-01,  8.6597e-01,
         2.8769e-03, -4.9420e-40,  9.7355e-01,  4.6789e-01,  3.4705e-04,
         5.4461e-01,  8.1204e-01,  7.2354e-01,  8.9682e-01,  8.4789e-01,
         2.1146e-01, -2.4642e-03,  8.1676e-01,  7.2954e-01,  1.7774e-01,
         8.4539e-01], device='mps:0')), ('convolutional_network.5.bias', tensor([-3.0501e-17, -8.5818e-01, -7.5145e-01, -5.6207e-03, -1.3211e+00,
        -1.0439e+00, -5.3482e-02, -1.2262e-02, -1.0406e+00, -1.0123e-02,
        -2.0614e-02, -1.0544e+00, -9.5145e-01, -4.6353e-01, -1.0755e+00,
        -1.0581e+00, -1.8795e-02, -7.1009e-03, -1.0504e+00, -1.9405e-02,
        -8.3742e-01, -2.7026e-20, -1.1456e+00, -9.7214e-16, -7.0667e-01,
        -2.0211e-02, -1.3820e-03, -1.0022e+00, -1.4721e+00, -3.1537e-03,
        -1.2505e+00, -1.3063e+00, -9.2851e-01, -1.2380e+00, -6.9243e-01,
        -8.3924e-01, -1.7042e-04, -8.4265e-01, -7.0789e-17, -1.0637e+00,
        -8.9100e-01, -2.0589e-01, -7.8111e-01, -1.1001e+00, -9.0599e-01,
        -1.1602e+00, -1.2894e-01, -4.9197e-40, -3.6826e-01, -8.2052e-01,
        -5.5472e-02, -6.5013e-01, -8.9539e-01, -1.8766e-06, -1.0424e+00,
        -7.0409e-03, -2.2141e-16, -1.1559e+00, -1.1852e+00, -5.6401e-01,
        -6.7965e-01, -1.1887e+00, -4.9477e-01, -1.2122e+00, -3.0177e-17,
        -2.6648e-03, -1.2399e+00, -1.3196e+00, -9.6197e-35, -1.3038e+00,
        -1.2800e+00, -1.2696e+00, -1.3551e+00, -1.2241e-02, -9.9032e-01,
        -1.2460e+00, -6.1573e-17, -1.4328e+00, -9.4678e-01, -1.0959e+00,
        -3.2795e-01, -1.2144e+00, -5.2407e-20, -9.8582e-19, -9.3823e-01,
        -5.6124e-01, -1.0334e+00, -9.5350e-01, -1.0650e+00, -1.2980e+00,
        -9.0578e-01, -9.3735e-01, -1.4486e-05, -1.1526e+00, -4.5143e-01,
        -3.4200e-01, -1.1143e+00, -1.0928e+00, -8.8163e-06, -9.1516e-01,
        -7.7920e-01, -9.4326e-01, -1.3453e+00, -9.7273e-01, -7.8889e-01,
        -3.9436e-01, -1.3572e+00, -1.3411e+00, -1.7854e-20,  3.1147e-01,
        -2.6360e-02, -1.8169e+00, -8.4826e-01, -1.0576e-02,  4.5164e-21,
        -1.0310e+00, -7.5684e-01, -2.9092e-02, -1.0709e+00, -1.2693e+00,
        -1.1127e+00, -1.0725e+00, -1.0476e+00, -7.0948e-03, -1.1278e+00,
        -1.1809e+00, -9.3181e-01, -9.4334e-01, -1.1957e+00, -5.1182e-02,
        -8.5355e-03, -1.1813e+00, -5.3681e-01, -9.6402e-01, -1.0434e+00,
        -7.7606e-01, -2.3857e-02, -3.2794e-08, -1.4163e-06, -8.7731e-01,
        -9.7263e-01, -2.5474e-21, -1.1701e+00, -1.1532e-03, -6.9787e-01,
        -9.1757e-01, -1.2357e+00, -1.2107e+00, -9.1269e-01, -7.4131e-01,
        -1.2972e+00, -4.0363e-01, -7.0299e-01, -1.1279e+00, -5.3696e-02,
        -1.0209e+00, -9.8282e-01, -5.2898e-02, -1.1592e+00, -6.1560e-01,
        -7.8945e-01, -6.4301e-03, -3.7098e-10, -1.0669e-30, -7.8478e-03,
        -1.2721e+00, -1.0889e-18, -1.0750e+00, -1.9088e-02, -1.7691e-02,
        -2.6798e-11, -9.2702e-04, -5.0371e-01, -9.6680e-01, -1.0914e+00,
        -1.1670e+00, -2.4166e-09, -9.8068e-01, -7.4889e-01, -3.8492e-01,
        -8.0134e-01, -1.0156e+00, -8.2939e-01, -1.1025e+00, -1.6961e-06,
        -3.1546e-03, -9.3265e-01, -4.2585e-02, -1.3629e+00, -7.0169e-01,
        -9.8351e-01, -1.1325e+00, -5.4940e-02, -1.0876e+00, -1.3063e+00,
        -1.1804e+00, -1.0191e+00, -2.1565e-04, -1.3571e+00, -6.6341e-01,
        -1.1633e+00, -7.6926e-01, -9.0993e-01,  4.3836e-02, -2.3845e-01,
        -1.0788e+00, -1.8909e-20, -5.9276e-19, -1.3140e+00, -1.0236e+00,
        -1.3913e+00, -5.6131e-01, -1.0258e+00, -1.2943e+00, -3.9582e-01,
        -1.1904e+00, -8.5287e-01, -9.1469e-01, -9.9274e-01, -1.3022e+00,
        -1.0372e+00, -7.2261e-01, -1.1493e+00, -1.0705e-02, -1.5023e+00,
        -4.8170e-22, -5.2488e-02, -3.4978e-02, -1.8817e-02, -1.3378e+00,
        -1.5539e-14, -1.0370e+00, -9.5605e-01, -1.1713e-01, -1.2711e+00,
        -1.0959e+00, -1.1784e+00, -1.2944e+00, -1.3603e+00, -1.0994e+00,
        -1.0744e-02, -1.6267e-04, -8.5620e-01, -8.7710e-01, -4.8405e-02,
        -1.2426e+00, -1.0072e+00, -6.5425e-01, -5.7344e-01, -9.6095e-01,
        -7.0629e-01, -2.9880e-06, -1.0942e+00, -1.1578e+00, -7.7056e-01,
        -1.1661e+00], device='mps:0')), ('convolutional_network.5.running_mean', tensor([ 2.8279e-38, -6.8050e+00, -2.7153e+00,  1.0346e+00, -6.8227e+00,
        -3.0393e+00,  1.1884e-05,  2.9183e-30, -6.0740e+00,  4.7609e-05,
         6.6073e-29, -6.0547e+00, -9.8519e-01, -6.7259e+00, -6.4295e-01,
        -8.0693e+00, -1.8434e-04, -5.1344e-09, -6.3745e+00,  5.1456e-10,
        -4.9588e+00, -1.1100e-41, -1.9062e+00,  7.9556e-39, -2.3448e+00,
         9.9763e-06, -5.9178e-39, -7.0574e+00, -6.5216e-01, -2.1380e-13,
        -7.7871e+00, -6.5716e+00, -5.9287e+00,  3.5254e-01, -8.9846e+00,
        -5.4245e+00, -1.3435e-38,  7.9246e-01,  3.4744e-39, -4.2276e+00,
        -1.1350e+00, -9.8362e+00, -2.1222e+00, -4.7497e+00, -9.3461e+00,
        -6.9113e+00, -3.6212e+00, -6.5884e-39,  1.0800e+00, -3.6111e+00,
        -7.6047e-01, -3.2577e-01,  2.9308e+00, -2.3770e-40, -7.5073e+00,
        -9.0869e-41,  1.7111e-39, -3.5255e+00, -5.7659e+00, -9.9086e+00,
         5.8409e-01, -5.7125e+00,  5.8385e-01, -7.0372e+00,  2.9042e-38,
        -2.1566e-38, -7.3673e+00, -5.2890e+00, -6.0021e-40, -7.5674e+00,
        -1.0692e+00, -5.5842e+00, -3.9346e+00,  6.8140e-01, -6.2425e+00,
        -5.6856e+00,  1.6963e-38, -3.1682e+00, -6.6083e+00, -4.0620e+00,
         3.5413e+00, -9.5123e+00, -1.7370e-39,  9.3269e-40,  3.9195e-02,
        -5.1248e+00, -2.1040e+00, -4.4896e+00, -2.9546e+00, -4.4360e+00,
        -2.9932e+00,  1.6175e+00, -9.9741e-39, -9.5879e+00, -8.7060e-01,
        -5.2111e-01, -2.6550e+00, -6.1479e+00, -1.6862e-39, -4.7725e+00,
        -1.3186e+00, -5.7111e+00, -1.9723e+00, -4.0109e+00,  1.6097e+00,
        -8.7103e-02, -4.7943e+00, -4.9714e+00,  1.1022e-38, -9.7423e+00,
         8.0509e-19, -6.6290e+00, -3.1058e+00,  1.0035e+00, -8.5532e-39,
        -6.4932e+00,  8.5773e-01, -2.0603e-01, -5.5036e+00, -3.8630e+00,
        -2.3573e+00, -3.5029e+00, -4.4353e+00,  3.9484e-33, -6.4128e+00,
        -5.8535e+00,  4.6073e-01,  4.8626e+00, -5.8819e+00,  1.6580e-01,
         3.4853e-19, -4.6848e+00, -9.6518e+00, -8.3841e+00, -1.5061e+00,
        -8.9598e+00, -1.0260e-02,  1.0264e-38, -9.1210e-40,  2.4178e-01,
        -2.2205e+00,  5.5082e-39, -5.2378e+00, -3.2718e-39, -4.8166e+00,
         9.2865e-01, -4.3748e+00, -4.9686e+00, -5.3634e+00,  1.8316e+00,
        -3.9976e+00,  3.4212e+00, -6.4764e+00, -1.3824e+00, -2.7361e-03,
        -4.1233e+00, -6.1046e+00, -5.5963e-02, -3.8545e+00, -1.5293e-01,
         1.8826e+00, -1.0655e-01, -1.8766e-38,  8.5481e-39,  2.0037e-12,
         2.2867e-01, -1.5762e-39,  3.9559e+00,  1.1128e+00,  1.0847e-35,
         1.8661e-38, -4.3330e-39,  4.8835e+00, -6.6819e+00, -3.2413e+00,
         5.9017e-01,  3.2514e-39, -6.1931e+00, -3.1547e+00,  3.1601e+00,
        -5.2871e+00, -2.7960e+00, -7.4640e+00, -7.8276e+00,  2.3035e-39,
         7.1391e-13, -2.8356e+00, -1.7929e+00, -7.6636e+00, -7.6744e+00,
        -3.4234e+00, -4.2772e+00,  1.9976e-01, -5.9981e+00, -3.3719e+00,
        -3.7735e+00, -6.8855e+00,  3.1230e-39, -5.7795e+00, -7.5101e+00,
        -3.9903e+00, -7.6087e+00, -5.4087e+00, -3.5068e+00,  6.7553e-02,
        -7.2536e+00,  3.2683e-39, -1.4177e-38, -4.3363e+00,  1.1149e+00,
        -1.9146e+00, -4.3371e+00, -6.3173e+00, -2.9206e+00,  4.2211e+00,
        -3.5518e+00, -4.4355e+00, -6.7371e+00, -9.6141e+00, -1.6514e+00,
        -2.3474e+00, -5.2686e+00, -2.9820e+00,  1.7007e-01,  1.7406e-01,
        -1.4304e-39,  1.4986e-03,  2.9603e-02,  7.2860e-03, -4.1936e+00,
        -7.5190e-39, -5.9700e+00, -6.0266e+00, -8.7743e+00, -3.9536e+00,
        -4.7033e+00, -9.3054e+00, -1.1600e-01, -2.1893e+00, -6.5890e+00,
        -9.1148e-01,  5.1456e-39, -8.1063e+00, -2.2845e+00, -2.5933e-07,
        -1.1747e+00, -5.9458e+00, -3.5462e+00, -4.9629e+00, -3.7375e+00,
        -7.2323e-01, -5.4817e-39, -3.4357e+00, -4.3640e+00, -4.6722e-01,
        -5.7328e+00], device='mps:0')), ('convolutional_network.5.running_var', tensor([5.6052e-45, 1.1987e+01, 3.2428e+01, 1.0201e+00, 1.7841e+01, 2.9392e+01,
        1.3286e-10, 5.6052e-45, 2.9680e+01, 1.8676e-09, 5.6052e-45, 1.6024e+01,
        2.1240e+01, 4.4601e+01, 1.5915e+01, 2.8786e+01, 5.3668e-08, 5.1797e-17,
        2.5257e+01, 3.3333e-19, 2.0748e+01, 5.6052e-45, 2.2511e+01, 5.6052e-45,
        2.0398e+01, 1.9354e-10, 5.6052e-45, 2.0304e+01, 2.0563e+01, 4.8092e-26,
        2.7333e+01, 2.5281e+01, 1.8844e+01, 1.6566e+01, 3.1791e+01, 2.1369e+01,
        5.6052e-45, 2.2450e+01, 5.6052e-45, 2.7786e+01, 9.7038e+00, 3.1861e+01,
        1.0270e+01, 2.1798e+01, 3.6149e+01, 2.0963e+01, 4.1139e+00, 5.6052e-45,
        1.9105e+00, 2.1497e+01, 2.8642e-01, 2.4338e+00, 5.9960e+00, 5.6052e-45,
        1.4460e+01, 5.6052e-45, 5.6052e-45, 1.7198e+01, 2.5866e+01, 2.6484e+01,
        1.6324e-01, 2.3685e+01, 8.6367e-02, 1.7223e+01, 5.6052e-45, 5.6052e-45,
        2.8785e+01, 2.6220e+01, 5.6052e-45, 2.8229e+01, 1.8649e+01, 2.4153e+01,
        1.5276e+01, 7.8112e-01, 2.4069e+01, 2.3576e+01, 5.6052e-45, 2.7224e+01,
        2.7661e+01, 1.9465e+01, 4.1387e+00, 1.8210e+01, 5.6052e-45, 5.6052e-45,
        1.4224e+00, 3.2091e+01, 2.1625e+01, 2.5325e+01, 2.0125e+01, 2.3544e+01,
        6.5845e+00, 4.8120e+00, 5.6052e-45, 3.0053e+01, 4.0784e-01, 2.7249e-01,
        1.4131e+01, 2.1437e+01, 5.6052e-45, 3.1878e+01, 1.6504e+01, 2.0304e+01,
        2.4005e+01, 2.8695e+01, 5.6534e+00, 2.6417e-03, 3.0136e+01, 2.0527e+01,
        5.6052e-45, 7.9632e+01, 2.3688e-37, 2.0827e+01, 2.9700e+01, 1.6978e+00,
        5.6052e-45, 2.3312e+01, 1.0828e+01, 4.1621e+00, 1.6855e+01, 2.1913e+01,
        1.6965e+01, 2.0129e+01, 1.4457e+01, 5.6052e-45, 2.5948e+01, 2.2873e+01,
        5.0099e+00, 4.2376e+01, 2.3733e+01, 1.2404e-01, 6.2069e-37, 2.3606e+01,
        3.4540e+01, 2.9710e+01, 1.8767e+01, 4.0318e+01, 3.2390e-03, 5.6052e-45,
        5.6052e-45, 9.7549e+00, 1.5553e+01, 5.6052e-45, 2.2442e+01, 5.6052e-45,
        2.2669e+01, 3.7800e-01, 2.6598e+01, 2.6055e+01, 1.0503e+01, 4.4054e+00,
        1.2533e+01, 3.4240e+00, 2.0658e+01, 2.4732e+01, 1.8993e-05, 2.2362e+01,
        3.0665e+01, 3.2042e-03, 1.6714e+01, 7.0752e-01, 1.6538e+01, 2.8381e-02,
        5.6052e-45, 5.6052e-45, 1.8653e-23, 9.3516e+00, 5.6052e-45, 3.7328e+00,
        8.4181e-01, 5.6052e-45, 5.6052e-45, 5.6052e-45, 7.0088e+00, 2.7641e+01,
        2.3237e+01, 1.0839e+01, 5.6052e-45, 1.2010e+01, 2.1995e+01, 3.7039e+00,
        2.0795e+01, 1.9648e+01, 3.1571e+01, 3.4367e+01, 5.6052e-45, 8.4979e-25,
        2.5414e+01, 2.9812e+00, 1.8922e+01, 2.9073e+01, 1.0130e+01, 2.7021e+01,
        1.5454e-01, 2.0371e+01, 1.3850e+01, 2.4173e+01, 2.9181e+01, 5.6052e-45,
        2.1010e+01, 1.7315e+01, 1.7298e+01, 2.2895e+01, 2.3773e+01, 4.9957e+01,
        2.1271e-02, 1.8388e+01, 5.6052e-45, 5.6052e-45, 1.9878e+01, 1.7305e+01,
        2.2164e+01, 3.0461e+01, 2.7862e+01, 1.3604e+01, 1.0741e+01, 2.6085e+01,
        3.0770e+01, 1.7734e+01, 2.5286e+01, 1.4415e+01, 1.7703e+01, 2.7743e+01,
        1.9150e+01, 2.8583e-01, 2.6288e+01, 5.6052e-45, 3.3646e-03, 5.3546e-03,
        8.0274e-05, 3.1007e+01, 5.6052e-45, 3.2483e+01, 1.7883e+01, 4.5631e+01,
        1.7497e+01, 2.4136e+01, 3.0658e+01, 1.6994e+01, 2.0448e+01, 2.1265e+01,
        3.1953e-01, 5.6052e-45, 3.2509e+01, 1.4293e+01, 5.7119e-14, 1.2083e+01,
        2.6296e+01, 4.1017e+01, 4.1188e+01, 2.1034e+01, 5.1009e-01, 5.6052e-45,
        1.9471e+01, 1.4046e+01, 6.2687e-01, 1.9251e+01], device='mps:0')), ('convolutional_network.5.num_batches_tracked', tensor(270271, device='mps:0')), ('convolutional_network.6.weight', tensor([[[[ 4.2734e-19,  3.5753e-19, -5.2264e-19],
          [ 2.3765e-19, -5.0009e-25, -2.1220e-19],
          [ 4.5305e-19,  2.3253e-19, -2.0761e-19]],

         [[ 7.0292e-02, -5.7742e-03,  2.5151e-02],
          [ 7.4951e-02, -4.7458e-02, -5.4297e-02],
          [-4.8637e-02,  5.8944e-02,  7.1078e-02]],

         [[-1.4690e-01,  1.2807e-01,  1.8536e-02],
          [ 1.2852e-01, -1.1107e-01,  2.1056e-02],
          [ 2.3581e-01,  2.3318e-01,  1.8031e-02]],

         ...,

         [[ 8.0554e-02, -1.3321e-01,  9.5418e-02],
          [ 1.2097e-01, -9.3403e-02, -1.4338e-03],
          [ 5.4622e-03,  5.5762e-02, -3.7983e-02]],

         [[ 2.7003e-04,  1.9793e-03, -9.7944e-05],
          [ 3.8054e-02,  3.6702e-04,  1.2244e-04],
          [ 1.7193e-02,  4.0074e-04,  5.9109e-05]],

         [[ 1.9074e-02, -1.2751e-01, -2.6348e-02],
          [ 2.0730e-01, -6.7924e-02, -4.2724e-02],
          [-8.2044e-02,  5.3711e-02,  1.2084e-02]]],


        [[[ 2.4306e-19,  5.3541e-19, -5.8633e-18],
          [ 6.6375e-19,  8.3940e-25, -4.3790e-18],
          [ 1.0314e-18, -3.6250e-19, -3.9959e-18]],

         [[ 3.4764e-03, -2.4247e-02,  3.1586e-02],
          [ 2.4448e-02, -3.8630e-03, -7.5964e-03],
          [-8.6572e-03, -6.3049e-02, -2.7209e-02]],

         [[-4.0418e-02,  1.1679e-01,  7.2704e-02],
          [ 5.7978e-02, -6.8320e-02,  1.9532e-02],
          [ 5.5598e-02,  4.6048e-02,  1.0976e-02]],

         ...,

         [[-4.5372e-02, -1.0062e-01,  3.6705e-02],
          [ 7.2089e-02,  6.9263e-02, -7.7194e-02],
          [-9.9527e-03, -2.8983e-02,  3.9874e-02]],

         [[ 1.6751e-05,  1.5220e-05,  1.5491e-05],
          [ 2.0709e-03,  1.3926e-03,  1.4967e-04],
          [ 1.3186e-02,  6.2370e-04,  1.6416e-04]],

         [[-6.3027e-02, -8.1228e-02, -1.4069e-02],
          [ 1.2974e-01,  9.1457e-02, -2.4780e-05],
          [ 1.6222e-02, -9.8057e-02,  3.8935e-02]]],


        [[[ 2.2922e-18,  6.7073e-20, -9.0652e-20],
          [ 7.1418e-19, -5.5981e-25,  2.1019e-20],
          [ 2.2296e-18,  5.8181e-19,  1.3213e-18]],

         [[ 9.7695e-02,  2.6670e-01,  1.4939e-01],
          [ 3.9388e-02, -1.6034e-02, -9.3257e-02],
          [ 3.2327e-02, -1.1940e-02, -1.4987e-01]],

         [[-1.8564e-01,  1.3710e-01, -1.9601e-01],
          [ 5.5313e-02, -1.6833e-01,  1.5879e-01],
          [ 2.6232e-01,  1.2526e-01,  1.7611e-01]],

         ...,

         [[-3.1138e-02, -1.7109e-02, -5.9206e-02],
          [ 1.5428e-02, -1.7851e-01, -1.6539e-01],
          [ 4.5013e-02, -9.9502e-02,  1.1497e-01]],

         [[-1.3951e-02,  3.7506e-03, -3.2787e-03],
          [ 1.9438e-02,  1.2825e-02, -1.0734e-02],
          [-3.2382e-03,  1.0574e-03, -7.6830e-03]],

         [[ 1.0287e-01,  3.0816e-03,  1.5966e-03],
          [ 1.0558e-02,  1.3706e-01, -1.2167e-01],
          [-1.6241e-01, -2.1327e-02, -4.0464e-02]]],


        ...,


        [[[ 2.2480e-19,  3.4280e-19,  6.7048e-19],
          [-6.4889e-19, -5.8709e-25,  4.7273e-19],
          [ 2.6392e-19,  9.0659e-19,  1.9049e-18]],

         [[ 7.9358e-02,  3.3160e-03, -4.5150e-02],
          [ 6.7914e-02,  4.4312e-02, -4.2682e-02],
          [ 1.0885e-02, -1.6968e-02, -5.7977e-02]],

         [[ 7.1114e-02,  1.2360e-01, -4.7432e-02],
          [ 1.7787e-01, -1.7688e-02, -2.1647e-01],
          [ 1.2624e-01,  6.5935e-02, -1.3184e-01]],

         ...,

         [[ 2.9043e-02,  1.0320e-01, -2.0396e-02],
          [ 1.8151e-02, -4.7355e-02, -1.0865e-01],
          [-7.5517e-02, -2.7872e-02, -2.0224e-01]],

         [[-4.1954e-03,  1.8209e-02, -5.7736e-03],
          [-2.7081e-03,  8.8200e-03,  1.0531e-02],
          [-8.9505e-04,  8.9473e-03,  7.8835e-03]],

         [[ 1.0727e-01,  1.4457e-01, -6.0226e-02],
          [ 1.2200e-01, -1.6631e-01, -2.0130e-01],
          [-8.6021e-02, -9.3069e-02, -9.4853e-02]]],


        [[[ 6.6648e-19,  1.7390e-18,  9.2533e-18],
          [ 1.7988e-19,  2.3436e-25, -2.0760e-19],
          [-1.6571e-18,  1.8823e-18,  2.9135e-18]],

         [[ 7.6818e-02, -5.7941e-02, -1.2367e-02],
          [-1.1309e-01, -6.1712e-02, -3.3920e-02],
          [ 6.6821e-03, -6.1885e-03, -1.5472e-01]],

         [[ 3.5633e-01,  1.5676e-01, -8.1571e-02],
          [ 7.7139e-05, -1.5218e-01,  7.8237e-02],
          [-8.3378e-02, -4.2644e-02, -1.2755e-01]],

         ...,

         [[ 1.6983e-01,  1.3992e-01, -4.8419e-02],
          [ 3.9235e-02,  4.9461e-02,  1.4168e-01],
          [-1.3120e-01,  5.9184e-02,  2.0010e-01]],

         [[-1.0013e-03, -3.5700e-02,  4.5891e-04],
          [ 4.2609e-03, -2.4489e-02,  2.8506e-04],
          [ 4.6770e-03, -2.2016e-03,  8.3722e-03]],

         [[-1.0417e-01,  1.6950e-01, -9.8491e-02],
          [-1.7636e-01, -2.2317e-01,  7.0657e-02],
          [-1.1958e-01, -7.9658e-02, -8.1024e-02]]],


        [[[-4.6836e-20, -1.5860e-19, -1.9393e-18],
          [ 8.5181e-20, -1.8037e-25,  2.2788e-18],
          [ 5.5425e-19,  8.3043e-19,  4.9836e-18]],

         [[-1.7460e-02,  1.1702e-01,  2.4334e-03],
          [ 9.0395e-02,  7.0609e-02,  1.0749e-02],
          [-9.9904e-02, -4.6807e-02,  4.2973e-02]],

         [[-4.9194e-02,  6.8302e-02, -4.7251e-03],
          [-2.4258e-01, -1.6599e-01,  9.2898e-02],
          [-6.7219e-02, -1.9964e-01, -1.4817e-01]],

         ...,

         [[ 3.4389e-02, -5.5646e-02, -2.6793e-03],
          [-1.6686e-01,  7.8281e-02, -9.6461e-03],
          [-1.8938e-02,  6.8898e-02,  5.2649e-02]],

         [[-8.0653e-03,  5.8556e-03,  1.2492e-03],
          [ 2.1626e-03,  8.5955e-03,  1.9623e-04],
          [-1.3693e-02,  2.0069e-03,  3.0903e-03]],

         [[-2.1205e-01, -2.6149e-02,  8.1195e-02],
          [ 4.7266e-02,  5.5258e-03,  3.5374e-02],
          [-4.2381e-02,  2.2519e-01, -3.6950e-02]]]], device='mps:0')), ('convolutional_network.6.bias', tensor([ 9.8864e-06, -5.1802e-07, -2.1408e-05, -2.9447e-06, -6.1268e-06,
        -1.9141e-07,  1.5783e-05,  7.1206e-07,  1.3426e-06, -1.5425e-05,
         2.1564e-06,  1.5480e-05,  9.5698e-06,  8.6029e-06, -5.6175e-40,
         1.0695e-08,  6.3027e-40, -6.3433e-07,  2.3494e-06, -4.4779e-06,
         7.1858e-06,  4.5212e-06,  5.1291e-07,  7.9449e-06, -2.4826e-07,
        -4.7855e-06,  1.1003e-05,  1.7581e-05, -4.0913e-07,  6.7973e-06,
         1.3665e-05,  5.6440e-40, -3.9409e-20,  6.0928e-40, -8.3867e-09,
        -1.7290e-06, -1.7164e-05, -1.7109e-05,  7.1634e-06, -3.1439e-06,
         6.2442e-40, -1.3358e-05,  1.4640e-06, -2.5904e-06, -2.8801e-07,
        -1.0092e-12,  3.7781e-06,  3.2267e-05, -1.7849e-05, -7.9351e-06,
        -2.2393e-07, -6.6833e-06,  3.0332e-06, -5.3691e-40,  1.5171e-05,
        -2.0300e-05, -8.4742e-06,  1.7585e-05, -4.9122e-40,  5.3696e-40,
         5.7137e-07,  7.3082e-06,  1.0539e-05,  1.5622e-05,  1.4348e-06,
         2.9276e-07, -1.6380e-06, -9.6578e-06,  2.9139e-08, -2.6445e-05,
         1.8145e-06, -5.6145e-06,  2.0457e-40,  8.7381e-06, -1.0136e-05,
        -1.4567e-07,  5.3051e-40,  1.5967e-07, -1.8046e-06,  2.6050e-06,
        -5.2688e-06, -8.1322e-07, -1.9417e-07, -5.0114e-40,  9.4995e-07,
         2.8183e-06,  8.0842e-06, -5.9073e-40, -2.8436e-08,  4.6055e-07,
         7.8483e-06,  8.2005e-07, -8.8562e-06, -6.4048e-12,  1.5442e-06,
        -3.0852e-06, -2.2746e-05,  1.0257e-05, -6.4157e-07, -2.9015e-05,
        -5.2990e-06, -5.9949e-06, -5.5497e-40,  1.1018e-05,  1.9279e-06,
         6.4111e-06, -1.2850e-06, -2.3717e-07, -1.1287e-05, -6.2434e-08,
        -4.8857e-06, -4.4949e-06,  5.4121e-06,  5.7909e-07, -6.8270e-06,
         1.1129e-06,  2.8918e-05,  2.7313e-06,  2.5143e-07,  1.0604e-05,
         6.5096e-07, -4.1359e-06,  5.0812e-06, -2.7605e-06,  5.1038e-40,
        -1.0623e-07, -2.6123e-07,  2.1582e-06,  3.7637e-06, -4.8048e-07,
        -1.5918e-05, -3.5643e-06, -1.3596e-05, -7.9967e-15, -5.5665e-06,
        -6.6788e-06, -5.6579e-40,  1.1017e-40,  6.3026e-40,  6.8905e-06,
        -4.5264e-06,  3.7545e-06, -1.3446e-05, -3.5282e-06, -5.5066e-40,
         1.0332e-05, -4.2217e-07, -5.4648e-40,  5.7205e-40, -9.8531e-07,
         5.9441e-06,  4.7840e-40, -9.2739e-06, -1.2208e-05, -4.0802e-06,
        -2.9898e-06, -4.0826e-06, -9.7159e-06, -1.4238e-06, -5.2061e-40,
        -2.3004e-05, -2.4020e-06, -1.0074e-06,  3.0212e-06,  3.9146e-06,
         3.4267e-06, -1.3099e-06,  4.2429e-06, -9.3269e-06,  7.2699e-06,
        -5.6480e-06, -2.4432e-06, -2.7722e-06,  9.4325e-07, -3.2532e-05,
         7.4981e-10,  6.1362e-06, -7.4234e-06,  1.1971e-05, -1.0909e-05,
        -9.0248e-06,  3.5286e-06, -5.1945e-06,  3.5893e-08,  4.5302e-06,
        -9.8502e-06,  8.0758e-06, -5.9503e-06,  2.8559e-06, -7.0922e-06,
        -5.6735e-40,  1.7998e-05, -2.1252e-06,  1.7242e-05,  4.2045e-06,
        -1.0024e-05,  2.7430e-06, -5.9346e-40,  1.9758e-06, -5.9832e-40,
        -3.7913e-06,  8.6023e-06, -1.5577e-07,  2.2260e-06, -7.0432e-06,
        -5.6399e-07,  2.7469e-06, -5.7263e-06, -1.5139e-07,  9.8731e-06,
         6.2627e-06, -4.3679e-06, -1.5265e-05, -1.9255e-10,  1.2783e-06,
         3.1236e-06, -8.9496e-06, -6.0584e-40,  9.4602e-07, -1.7519e-06,
        -1.0525e-05,  3.1773e-05,  7.7349e-06,  3.6998e-06, -5.1170e-07,
        -3.6509e-06,  1.0530e-05, -7.8496e-06, -6.7011e-06, -5.7214e-40,
         4.3049e-06,  5.1825e-40,  1.2624e-06,  8.1383e-09, -1.2012e-05,
         8.9184e-06, -5.8500e-06,  5.8948e-06, -6.3331e-06, -2.9520e-07,
        -7.1702e-06,  6.6357e-06, -2.2882e-06,  9.9517e-08, -6.8143e-06,
        -7.5623e-08,  6.1480e-06, -7.0875e-06, -1.6104e-05,  1.3727e-05,
         1.9178e-06, -5.1820e-40,  5.0746e-06,  4.0454e-06, -3.6900e-06,
         4.7866e-07, -9.4591e-09, -1.9493e-05,  5.3216e-40, -1.2371e-05,
        -1.8355e-06, -8.9529e-08,  4.0726e-06,  3.6592e-05, -5.9105e-06,
         5.2467e-40,  3.1656e-06, -1.4882e-06,  7.0293e-06,  6.3910e-06,
         1.3482e-06,  1.2542e-05, -5.3787e-06, -6.0618e-40, -1.6656e-06,
         1.7628e-05,  9.4231e-08, -5.3521e-38,  1.4319e-06,  3.3269e-07,
         9.1980e-06,  4.9137e-06,  2.2692e-07,  4.3151e-06, -3.5873e-06,
         8.9141e-06, -5.8332e-06, -4.5224e-07,  1.8454e-06,  2.1948e-05,
        -6.5387e-06,  1.3642e-17, -1.6374e-07,  8.4655e-06, -8.9542e-06,
        -5.4581e-06, -1.5292e-06,  1.0357e-06, -1.1340e-05, -8.0750e-06,
         2.0145e-06,  6.5489e-07, -1.6174e-05,  4.9452e-08,  1.7168e-06,
         1.1612e-05,  1.2718e-06,  1.0225e-08,  1.1573e-05, -2.6075e-06,
         4.9691e-06, -6.2249e-06, -6.2107e-40, -1.7214e-06, -1.0806e-06,
         1.2166e-05,  3.0380e-06,  6.7364e-06, -8.3008e-07,  7.6785e-06,
         2.3371e-07, -7.1767e-06,  4.1335e-06,  6.1716e-06,  1.8614e-05,
         1.4498e-06,  1.8523e-06,  1.7315e-05,  1.3310e-05,  2.6622e-06,
         2.5278e-06, -3.3684e-11,  1.4067e-06,  2.8243e-06,  3.9800e-06,
         1.4405e-06,  1.9058e-05,  1.5522e-06, -5.2081e-08, -1.3232e-05,
         3.0820e-06,  1.3986e-05, -1.9000e-05,  1.3630e-05, -5.2524e-06,
         6.7408e-06, -1.6156e-05,  1.4968e-06, -1.7646e-05, -6.8931e-06,
         8.2115e-06,  1.7260e-05, -2.2589e-05,  1.6756e-05, -1.0692e-06,
         5.7059e-40,  1.1928e-05, -1.8867e-05,  1.1593e-20,  8.8030e-07,
        -1.5508e-05, -5.1112e-40,  4.7973e-07,  4.2392e-08, -5.5817e-40,
         2.0463e-05, -1.3051e-06,  5.8415e-40, -1.4326e-05, -3.0373e-08,
        -9.9855e-08,  6.7990e-08, -1.5257e-05,  1.0026e-05, -9.3141e-08,
         2.3465e-06, -5.0624e-07, -7.0778e-06,  8.8745e-07, -1.0288e-05,
        -2.7516e-06,  1.0343e-05,  4.9721e-07, -1.2307e-06,  7.2489e-06,
         8.3204e-06,  2.3479e-06,  1.2023e-05, -1.5041e-05,  5.9809e-06,
        -4.2700e-06,  1.3235e-06, -2.1199e-07, -1.0912e-05,  8.7387e-08,
        -2.3277e-07, -1.6384e-06, -4.1023e-06,  5.7385e-06, -3.9911e-06,
         1.4334e-05, -5.3848e-08, -9.7013e-06, -2.7777e-09, -2.9457e-06,
        -2.4088e-05,  5.5767e-06,  1.3561e-07,  3.8876e-06, -1.7373e-06,
         1.6606e-05, -1.0463e-05, -2.0365e-07,  3.8541e-06, -2.6576e-06,
         5.0369e-40,  1.5916e-07,  2.3544e-06,  2.1902e-05,  4.3920e-06,
        -5.9821e-40,  7.6381e-07,  9.3872e-06,  3.7936e-06, -5.5370e-40,
         2.8937e-05,  2.6128e-06,  1.0523e-05, -1.3267e-05,  1.3270e-05,
         7.1745e-06, -1.2045e-05,  1.0917e-05,  4.5741e-06,  6.0040e-40,
        -5.8642e-40, -1.3851e-05,  5.2234e-08,  2.5896e-06, -4.9826e-40,
        -1.8256e-06, -1.8225e-07,  1.1364e-05, -1.1443e-05, -7.0702e-06,
         3.5237e-06,  5.6793e-06, -1.0853e-07,  1.9458e-05, -1.5102e-06,
        -5.9102e-40, -2.4350e-06, -1.2975e-06, -6.6593e-07, -2.4035e-06,
        -7.8825e-07,  5.3749e-06, -3.5658e-06,  7.3946e-06, -4.3280e-06,
        -3.0954e-06,  1.0822e-05, -1.7583e-21, -6.4608e-06, -6.6290e-08,
        -6.8866e-07,  3.2527e-05,  5.2166e-40, -5.8589e-06, -6.1780e-06,
        -2.0575e-05,  5.7383e-40, -9.2329e-06,  5.6538e-40, -1.3255e-05,
        -6.1773e-06,  5.1647e-40, -5.4670e-40, -3.8985e-06, -9.3585e-07,
         7.3173e-06,  2.9935e-07,  6.8962e-07,  2.1559e-05,  5.9619e-06,
        -1.7065e-06, -6.2916e-06, -8.3558e-06,  1.5644e-06, -6.6782e-06,
        -6.3262e-06,  6.5232e-06, -2.0754e-06,  6.3827e-06,  5.1964e-06,
         5.1382e-06, -2.0191e-05, -7.3801e-07,  5.5144e-10, -5.1280e-06,
         1.2700e-06, -4.8023e-06,  3.4045e-06, -1.5117e-05,  1.3261e-05,
         1.0772e-06,  5.4718e-40,  6.7115e-06,  5.9828e-06,  6.1220e-06,
         1.5795e-05, -7.1460e-06], device='mps:0')), ('convolutional_network.7.weight', tensor([ 5.9751e-01,  4.0468e-01,  8.9690e-01,  8.3226e-01,  8.4523e-01,
         1.0222e+00,  8.6600e-01,  6.4204e-01,  1.0308e+00,  7.4839e-01,
         1.0332e+00,  8.6140e-01,  1.0097e+00,  9.0616e-01, -1.9683e-11,
         8.9107e-01, -4.9373e-40,  1.4452e-01,  3.8526e-01,  1.0732e+00,
         7.4398e-01,  7.3044e-01,  2.9310e-01,  8.4184e-01,  2.9163e-01,
         9.8886e-01,  8.1243e-01,  7.8512e-01,  8.2481e-01,  5.9230e-01,
         8.7444e-01, -1.4679e-14,  2.7476e-02, -4.9407e-40,  8.0581e-01,
         3.6338e-01,  9.1526e-01,  9.1055e-01,  6.8781e-01,  9.6293e-01,
         5.1485e-02,  1.1572e+00,  9.0308e-01,  9.9428e-01,  3.2104e-01,
         1.7663e-01,  7.7678e-01,  8.9415e-01,  8.3497e-01,  1.0518e+00,
         1.0297e+00,  6.5616e-01,  9.8621e-01, -4.9971e-40,  9.6643e-01,
         9.5130e-01,  8.0235e-01,  5.8044e-01, -2.7018e-03,  2.1327e-15,
         2.4697e-01,  7.9788e-01,  6.3132e-01,  8.9279e-01,  7.3380e-01,
         5.2015e-01,  8.8370e-01,  8.1336e-01,  6.8248e-02,  7.5235e-01,
         8.7473e-01,  9.1783e-01, -4.9251e-40,  9.2833e-01,  9.3627e-01,
         9.2174e-01, -4.9174e-40,  2.4810e-01,  8.5230e-01,  7.0185e-01,
         7.8520e-01,  5.1655e-01, -3.7526e-02, -2.5948e-03,  9.0552e-01,
         8.7074e-01,  7.1820e-01, -9.0056e-04,  1.2266e-01, -4.9286e-02,
         8.6989e-01,  3.8541e-02,  1.0371e+00,  3.9126e-04,  3.5050e-01,
         8.9439e-01,  9.6487e-01,  8.5825e-01,  8.2886e-01,  1.0089e+00,
         6.6712e-01,  1.1010e+00,  4.9685e-40,  6.8990e-01,  7.1655e-01,
         7.9175e-01,  1.0532e+00,  1.1336e+00,  6.4480e-01,  9.9623e-01,
         7.1913e-01,  1.0943e+00,  8.8946e-01,  1.0058e+00,  7.3828e-01,
         5.2354e-01,  8.5909e-01,  1.0913e+00,  6.5328e-01,  6.8579e-01,
         7.9905e-01,  7.9662e-01,  8.3103e-01,  8.2488e-01,  4.9350e-40,
         3.2369e-02,  3.2716e-01,  1.2390e+00,  8.3818e-01,  6.5145e-01,
         9.3771e-01,  8.0760e-01,  9.1726e-01,  7.4177e-02,  8.5830e-01,
         8.6564e-01,  5.0291e-40,  9.6796e-30,  4.9409e-40,  6.2887e-01,
         8.5895e-01,  7.2783e-01,  7.3398e-01,  9.5050e-01,  2.0114e-06,
         9.3540e-01,  7.0691e-01,  1.5830e-11,  4.7592e-05,  1.1107e-01,
         1.0114e+00,  1.6753e-39,  1.0758e+00,  8.4051e-01,  1.1127e+00,
         6.5802e-01,  5.6685e-01,  1.0960e+00,  6.9471e-01, -4.9279e-40,
         9.7837e-01,  8.9261e-01,  5.3874e-01,  8.3542e-01,  7.4842e-01,
         4.9132e-01,  1.0235e+00,  3.6650e-01,  1.0225e+00,  9.3115e-01,
         8.0055e-01,  6.7258e-01,  9.3119e-01,  6.4532e-01,  1.0814e+00,
         3.1033e-02,  7.4835e-01,  9.5967e-01,  9.5977e-01,  7.4350e-01,
         8.5423e-01,  3.9980e-01,  9.1656e-01,  7.1582e-02,  6.3782e-01,
         7.1205e-01,  7.9817e-01,  5.4429e-01,  3.5789e-01,  9.8419e-01,
         7.8260e-04,  7.4093e-01,  1.0472e+00,  8.8232e-01,  6.4031e-01,
         9.9641e-01,  8.8840e-01,  1.4025e-15,  1.0280e+00, -4.1993e-04,
         6.9273e-01,  5.1347e-01,  2.8291e-01,  4.1312e-01,  7.2013e-01,
         3.1322e-02,  1.0012e+00,  8.4922e-01,  7.3610e-01,  7.9482e-01,
         7.4311e-01,  1.0572e+00,  7.3775e-01,  8.1111e-02,  1.0256e+00,
         8.8122e-01,  9.9508e-01, -4.9444e-40,  5.4065e-02,  8.1162e-01,
         9.5502e-01,  1.1131e+00,  7.3463e-01,  9.0713e-01,  8.7560e-02,
         8.1158e-01,  9.1202e-01,  5.3779e-01,  9.7549e-01, -4.9448e-40,
         7.3434e-01, -4.9571e-40,  8.3640e-01,  1.5049e-01,  7.7647e-01,
         1.1658e+00,  8.8390e-01,  5.5691e-01,  7.7367e-01,  4.8299e-01,
         1.1447e+00,  7.6286e-01,  8.4605e-01,  1.2645e-02,  1.0138e+00,
         2.6505e-01,  7.7935e-01,  8.8673e-01,  1.0210e+00,  1.0211e+00,
         3.1266e-01,  4.9395e-40,  3.9156e-01,  9.6050e-01,  5.8585e-01,
         5.1423e-01,  7.1973e-02,  1.0620e+00,  2.5343e-02,  9.2310e-01,
         9.1107e-01,  3.9602e-01,  4.7054e-01,  1.1761e+00,  8.2410e-01,
         1.1004e-04,  8.2681e-01,  5.2235e-01,  1.1120e+00,  9.0343e-01,
         7.9520e-01,  7.8973e-01,  8.4669e-01, -2.3492e-03,  5.3997e-01,
         9.5253e-01,  1.0508e+00,  1.3213e-10,  8.9394e-01,  2.6356e-01,
         7.4152e-01,  7.6481e-01, -8.0709e-02,  6.4016e-01,  5.5726e-01,
         1.0581e+00,  9.1504e-01,  8.1696e-01,  4.7418e-01,  1.0044e+00,
         1.1071e+00,  5.3961e-02,  5.5559e-01,  8.0906e-01,  1.0162e+00,
         1.0188e+00,  4.4776e-01,  7.2438e-01,  7.4257e-01,  9.1502e-01,
         8.2183e-01,  9.1795e-01,  9.0277e-01,  1.0117e+00,  7.8331e-01,
         9.0161e-01,  8.8754e-01,  1.4126e-01,  7.5900e-01,  5.5670e-01,
         8.3721e-01,  7.8118e-01,  1.5827e-03,  3.9002e-01,  7.3661e-01,
         8.7644e-01,  3.8473e-01,  8.3110e-01,  7.0397e-01,  8.2195e-01,
         1.1703e-01,  6.9166e-01,  9.0334e-01,  6.8737e-01,  1.2063e+00,
         4.7634e-01,  6.9921e-01,  9.6458e-01,  7.9458e-01,  5.8406e-01,
         5.5131e-01,  8.4915e-03,  6.2694e-01,  6.6326e-01,  7.0749e-01,
         1.0467e+00,  9.4656e-01,  7.6423e-01,  8.4369e-01,  7.6076e-01,
         7.8927e-01,  7.9574e-01,  8.0403e-01,  1.0307e+00,  9.0387e-01,
         7.5079e-01,  9.3203e-01,  7.5635e-01,  5.6225e-01,  7.0646e-01,
         9.1391e-01,  9.4847e-01,  8.8681e-01,  7.9947e-01,  1.1045e+00,
        -4.9160e-40,  1.0680e+00,  7.0653e-01,  7.1366e-02,  6.3624e-01,
         6.8645e-01, -8.2915e-04,  7.3947e-01,  2.8668e-01,  4.9170e-40,
         7.6037e-01,  8.7253e-01,  4.9499e-36,  1.3290e+00,  7.7033e-01,
         8.0833e-02,  2.2809e-02,  1.1440e+00,  9.3117e-01,  8.9762e-02,
         7.3833e-01,  8.3021e-01,  8.1008e-01,  7.9280e-01,  9.9897e-01,
         7.0164e-01,  8.9214e-01,  1.0718e+00,  6.3917e-01,  8.8700e-01,
         1.0636e+00,  1.0514e+00,  1.0420e+00,  8.6086e-01,  7.3064e-01,
         6.6239e-01,  7.7399e-01,  8.8292e-01,  5.9781e-01,  6.8806e-01,
         1.1673e-01,  7.4516e-01,  5.6939e-01,  6.2365e-01,  1.0914e+00,
         5.9499e-01,  1.3204e-01,  7.0325e-01,  9.7992e-02,  7.4124e-01,
         8.4347e-01,  4.2336e-01,  5.7600e-01,  8.9354e-01,  4.4631e-01,
         9.1765e-01,  1.1063e+00,  8.0831e-01,  8.7739e-01,  8.3538e-01,
         4.9235e-40,  3.1536e-01,  1.0459e+00,  1.0296e+00,  6.2342e-01,
        -4.9425e-40,  9.7894e-01,  7.8206e-01,  1.0156e+00,  1.0935e-03,
         1.1500e+00,  8.1593e-01,  9.6322e-01,  8.5447e-01,  7.3562e-01,
         4.2438e-01,  1.0811e+00,  9.1412e-01,  8.7510e-01,  1.3099e-03,
        -5.1168e-40,  1.0125e+00,  2.5970e-02,  1.0731e+00,  1.8067e-03,
         9.0577e-01,  2.4337e-02,  1.0212e+00,  7.7194e-01,  1.0672e+00,
         8.2270e-01,  8.3669e-01, -3.5759e-02,  1.0165e+00,  6.3806e-01,
         1.3461e-04,  9.2139e-01,  6.8486e-01,  7.4187e-01,  8.1973e-01,
         7.1635e-01,  8.0795e-01,  8.2583e-01,  7.3717e-01,  5.7727e-01,
         7.1721e-01,  6.3579e-01,  6.5966e-02,  8.5005e-01,  4.3859e-02,
         6.3875e-01,  1.1335e+00,  2.0575e-13,  9.2001e-01,  9.2649e-01,
         9.2526e-01,  4.9361e-40,  1.1352e+00,  1.9269e-03,  7.8963e-01,
         9.5462e-01,  6.0737e-40,  3.6496e-10,  9.2205e-01,  8.5555e-01,
         6.2765e-01,  8.9618e-01,  4.2681e-01,  9.1272e-01,  1.2050e+00,
         7.5402e-01,  6.1452e-01,  8.5761e-01,  5.9185e-02,  9.3192e-01,
         9.6325e-01,  7.5792e-01,  6.1569e-01,  7.4348e-01,  7.0649e-01,
         1.0454e+00,  1.1047e+00,  8.8411e-01,  3.5935e-02,  8.3098e-01,
         5.7370e-01,  7.2308e-01,  8.0002e-01,  8.7520e-01,  1.1623e+00,
         8.5760e-01, -4.9310e-40,  7.5305e-01,  1.0233e+00,  5.8219e-01,
         9.1019e-01,  6.1723e-01], device='mps:0')), ('convolutional_network.7.bias', tensor([-6.5276e-01, -6.3747e-01, -9.3283e-01, -8.7397e-01, -9.6435e-01,
        -1.0289e+00, -6.1498e-01, -8.2174e-01, -7.4547e-01, -4.8969e-01,
        -8.3173e-01, -5.2200e-01, -7.3096e-01, -7.6414e-01, -1.0538e-13,
        -7.3805e-01, -1.4997e-02, -1.9667e-02, -4.2978e-01, -8.1391e-01,
        -7.0495e-01, -6.7086e-01, -5.0427e-01, -6.3546e-01, -5.8781e-01,
        -9.7510e-01, -5.7658e-01, -5.5777e-01, -5.7460e-01, -7.7368e-01,
        -6.5768e-01, -1.8455e-36, -1.4486e-01, -4.9273e-40, -5.9578e-01,
        -5.1684e-01, -8.1628e-01, -8.1666e-01, -5.6952e-01, -8.8742e-01,
        -4.8280e-02, -1.0289e+00, -8.6038e-01, -5.2959e-01, -3.0382e-01,
        -4.9518e-01, -8.9868e-01, -6.2295e-01, -9.7013e-01, -8.9498e-01,
        -8.1369e-01, -4.2511e-01, -9.5041e-01, -3.0410e-07, -8.1638e-01,
        -5.8282e-01, -5.4202e-01, -4.1755e-01, -7.8499e-03, -4.7136e-28,
        -4.8856e-01, -8.0805e-01, -4.9802e-01, -9.2858e-01, -7.4061e-01,
        -8.6106e-01, -8.4188e-01, -4.8402e-01, -2.0110e-01, -5.6250e-01,
        -8.2254e-01, -7.1134e-01, -5.3961e-40, -6.4492e-01, -7.6352e-01,
        -5.5697e-01, -4.9152e-40, -5.7107e-01, -8.2619e-01, -8.1777e-01,
        -6.3777e-01, -7.1645e-01,  8.8538e-02, -2.9852e-02, -9.4144e-01,
        -6.2901e-01, -7.3711e-01, -3.9603e-03, -3.9202e-01,  2.0554e-02,
        -7.4369e-01,  8.5782e-02, -9.6348e-01, -1.3831e-02, -5.5641e-01,
        -8.7154e-01, -7.8516e-01, -7.6952e-01, -7.6782e-01, -8.6472e-01,
        -6.3301e-01, -7.6426e-01, -1.7727e-32, -8.0445e-01, -7.1826e-01,
        -4.7377e-01, -7.3317e-01, -8.6810e-01, -9.0715e-01, -9.1528e-01,
        -5.4977e-01, -6.9776e-01, -7.6036e-01, -8.9834e-01, -7.8936e-01,
        -8.6802e-01, -5.7995e-01, -1.0741e+00, -7.0116e-01, -6.5313e-01,
        -9.4927e-01, -6.4382e-01, -9.9920e-01, -6.8357e-01, -4.9392e-40,
         1.2075e-01, -6.8077e-01, -9.2946e-01, -7.7996e-01, -7.3282e-01,
        -7.2481e-01, -7.0582e-01, -7.1146e-01, -2.1676e-01, -6.8962e-01,
        -7.5424e-01, -6.4728e-16, -4.9360e-40, -4.9094e-40, -7.8908e-01,
        -8.1775e-01, -7.3103e-01, -5.3373e-01, -8.7067e-01, -1.0548e-16,
        -8.6458e-01, -6.8963e-01, -2.4199e-31, -4.3886e-06, -2.2384e-01,
        -1.0127e+00, -1.7175e-03, -8.3079e-01, -8.5192e-01, -9.0174e-01,
        -5.3255e-01, -6.0924e-01, -7.0233e-01, -4.8737e-01, -5.3462e-40,
        -9.8349e-01, -5.9928e-01, -7.1792e-01, -5.8480e-01, -7.9979e-01,
        -7.2108e-01, -9.6834e-01, -3.8832e-01, -6.5969e-01, -6.2220e-01,
        -6.7399e-01, -6.1161e-01, -7.2869e-01, -6.9346e-01, -7.1216e-01,
        -8.7890e-02, -5.8979e-01, -6.0877e-01, -7.3145e-01, -5.7129e-01,
        -5.8539e-01, -7.3827e-01, -8.8699e-01, -2.2794e-01, -7.4427e-01,
        -3.9440e-01, -7.9394e-01, -6.0131e-01, -4.6170e-01, -6.3568e-01,
        -1.1988e-06, -8.0842e-01, -7.2881e-01, -5.9258e-01, -7.4283e-01,
        -5.1640e-01, -8.6527e-01, -5.6789e-11, -8.4586e-01, -4.6169e-03,
        -8.3390e-01, -9.4821e-01, -6.0261e-01, -5.7187e-01, -3.5826e-01,
        -9.8234e-03, -5.3764e-01, -6.6853e-01, -6.7568e-01, -7.9609e-01,
        -7.6876e-01, -6.5186e-01, -5.1603e-01, -2.1017e-01, -8.1168e-01,
        -7.5641e-01, -8.1674e-01, -4.9257e-40,  6.8782e-02, -6.0862e-01,
        -1.0850e+00, -8.1866e-01, -5.4963e-01, -8.2138e-01, -1.3474e-01,
        -8.6144e-01, -7.9395e-01, -6.7439e-01, -7.4890e-01, -5.3877e-40,
        -5.4018e-01, -2.5132e-24, -9.0994e-01, -3.7206e-01, -5.4223e-01,
        -7.8237e-01, -7.0625e-01, -4.1591e-01, -7.6398e-01, -5.5045e-01,
        -8.1907e-01, -6.1367e-01, -8.7893e-01,  6.6039e-02, -7.5881e-01,
        -6.0688e-01, -5.7507e-01, -7.2505e-01, -9.3023e-01, -9.9465e-01,
        -4.0592e-01, -2.5890e-04, -4.4233e-01, -7.2394e-01, -5.9422e-01,
        -6.3114e-01, -2.7523e-01, -7.8207e-01, -7.7922e-02, -7.3546e-01,
        -7.4293e-01, -7.6233e-01, -6.2517e-01, -7.2193e-01, -9.5262e-01,
        -2.8268e-06, -7.0304e-01, -8.3756e-01, -7.8755e-01, -5.2565e-01,
        -7.2563e-01, -6.6460e-01, -8.9029e-01, -1.5671e-02, -5.0648e-01,
        -6.1569e-01, -8.3850e-01, -9.8753e-25, -8.9903e-01, -4.5494e-01,
        -7.4133e-01, -7.1487e-01,  2.0188e-01, -8.0158e-01, -7.3297e-01,
        -9.4993e-01, -7.0280e-01, -7.5905e-01, -6.9929e-01, -7.7032e-01,
        -8.8406e-01, -1.6680e-01, -8.2373e-01, -5.1315e-01, -5.6260e-01,
        -9.8223e-01, -6.6165e-01, -1.0771e+00, -5.2922e-01, -8.0696e-01,
        -6.9602e-01, -7.5064e-01, -6.5925e-01, -1.0057e+00, -7.3273e-01,
        -8.9112e-01, -6.3500e-01, -4.4632e-01, -6.6734e-01, -8.0546e-01,
        -1.0781e+00, -6.7388e-01, -1.7807e-04, -4.7222e-01, -7.4509e-01,
        -4.5125e-01, -5.4376e-01, -5.7845e-01, -8.9526e-01, -8.0810e-01,
        -2.8345e-01, -7.2309e-01, -6.7516e-01, -6.4929e-01, -7.7298e-01,
        -5.9653e-01, -5.8916e-01, -5.3937e-01, -7.8013e-01, -7.8905e-01,
        -5.8871e-01, -3.5410e-02, -6.5249e-01, -7.1574e-01, -5.2531e-01,
        -9.6253e-01, -8.5717e-01, -7.1742e-01, -6.5575e-01, -8.4675e-01,
        -7.8794e-01, -6.9129e-01, -7.9432e-01, -9.7204e-01, -7.6287e-01,
        -4.7689e-01, -6.8881e-01, -6.9424e-01, -5.6237e-01, -5.3084e-01,
        -4.3743e-01, -7.0606e-01, -8.0541e-01, -5.8490e-01, -6.8305e-01,
        -4.9296e-40, -7.6538e-01, -7.3084e-01, -2.4031e-01, -6.1302e-01,
        -5.6859e-01, -4.3084e-03, -5.6775e-01, -6.5313e-01, -4.9339e-40,
        -9.5252e-01, -8.4642e-01, -7.8197e-04, -8.9211e-01, -4.7273e-01,
        -2.2175e-01,  9.2859e-02, -1.1723e+00, -8.9346e-01, -3.0286e-01,
        -7.4720e-01, -7.0652e-01, -7.6489e-01, -6.7755e-01, -8.2906e-01,
        -7.0015e-01, -8.7007e-01, -5.6850e-01, -5.7777e-01, -4.7506e-01,
        -7.8710e-01, -7.7690e-01, -9.3041e-01, -7.0451e-01, -4.4450e-01,
        -8.5192e-01, -7.1841e-01, -6.7976e-01, -4.7908e-01, -6.6028e-01,
        -2.0707e-01, -5.6168e-01, -5.2671e-01, -5.3922e-01, -6.9110e-01,
        -6.0181e-01, -4.0737e-01, -9.0517e-01, -2.4984e-01, -7.3913e-01,
        -6.3816e-01, -5.6625e-01, -6.6855e-01, -7.5666e-01, -5.8335e-01,
        -8.2197e-01, -9.6737e-01, -9.9057e-01, -8.0088e-01, -4.8190e-01,
        -3.4101e-07, -7.2606e-01, -5.8987e-01, -8.9813e-01, -7.2958e-01,
        -4.9181e-40, -7.8464e-01, -7.1249e-01, -8.3087e-01, -5.2565e-03,
        -8.3365e-01, -8.6537e-01, -8.1521e-01, -8.5616e-01, -7.1838e-01,
        -4.1770e-01, -9.8517e-01, -6.2153e-01, -6.2630e-01, -5.5294e-03,
        -6.1798e-40, -9.1423e-01,  2.4784e-02, -8.2735e-01, -1.1477e-02,
        -8.6554e-01,  1.6578e-01, -7.5860e-01, -6.3680e-01, -8.4811e-01,
        -8.0430e-01, -8.5363e-01, -7.5665e-03, -7.9614e-01, -5.8381e-01,
        -2.8498e-07, -7.5386e-01, -7.3077e-01, -8.2694e-01, -7.1381e-01,
        -7.3619e-01, -3.7839e-01, -7.9212e-01, -8.5428e-01, -7.7019e-01,
        -5.9420e-01, -5.7075e-01, -1.0408e-01, -8.4965e-01, -1.3285e-01,
        -7.0274e-01, -7.5595e-01,  1.4087e-37, -9.1032e-01, -9.7640e-01,
        -5.7307e-01, -4.9403e-40, -8.1963e-01, -3.9741e-02, -6.6696e-01,
        -6.7070e-01, -4.3255e-03, -2.1696e-11, -6.0352e-01, -7.9492e-01,
        -6.5513e-01, -6.2561e-01, -7.5977e-01, -8.4017e-01, -8.4246e-01,
        -7.1280e-01, -6.0510e-01, -7.9095e-01,  1.4096e-01, -7.2857e-01,
        -8.2476e-01, -6.3733e-01, -5.6590e-01, -6.5432e-01, -6.5193e-01,
        -9.3993e-01, -7.5018e-01, -6.3825e-01, -1.5809e-01, -7.8920e-01,
        -4.4451e-01, -7.3538e-01, -9.0987e-01, -8.1501e-01, -9.0110e-01,
        -8.6552e-01, -4.9417e-40, -7.7634e-01, -7.8671e-01, -6.1101e-01,
        -7.4570e-01, -5.0465e-01], device='mps:0')), ('convolutional_network.7.running_mean', tensor([-5.5983e-01, -9.9656e-01,  7.6973e-01, -1.5203e+00,  1.4792e+00,
        -5.5918e-01, -3.0759e-01, -1.2559e-01, -1.6903e-01,  1.5029e+00,
        -4.3305e-01, -2.4343e+00,  1.3470e-01,  8.3348e-01, -1.8450e-39,
        -6.9716e-01, -2.1733e-39, -1.4518e+00,  1.5830e-01, -7.9023e-01,
        -1.3167e+00, -2.4990e+00,  1.2088e+00, -1.2570e+00, -3.6257e-01,
        -9.6747e-01, -1.8236e+00, -2.0049e+00, -2.3475e-01, -1.9538e+00,
         3.9096e-01,  8.7565e-39,  4.5115e-02, -1.5876e-39, -8.5100e-01,
         2.9467e+00, -1.1194e+00,  5.6930e-02, -5.2399e-02, -1.9373e+00,
        -5.3206e-05, -1.2760e+00, -5.9964e-01,  5.1311e-01,  3.8269e-01,
         1.3616e-02, -4.4007e-01, -2.2354e+00, -1.1213e+00, -1.3073e+00,
         1.0418e+00, -2.0896e+00, -2.7545e-01,  1.3866e-39, -1.7468e+00,
        -9.6908e-01,  1.8518e-01,  1.6126e+00,  2.3225e-32,  4.3117e-39,
         3.2804e-01,  1.3814e+00,  4.3278e-01, -7.1441e-01,  2.6670e-01,
        -1.0858e+00, -4.1722e-01,  1.1523e-01,  4.4613e-01,  5.7753e-01,
         1.7130e+00,  2.9239e-01,  9.6727e-39, -1.0440e+00, -2.9398e+00,
        -1.7150e+00,  1.4575e-38, -2.1759e-01,  2.5584e-01,  5.2786e-03,
        -1.0025e+00,  1.3641e-01,  9.8642e-01, -4.2208e-04,  1.1786e+00,
        -1.7138e-01,  1.2094e+00, -2.4281e-16,  5.2662e-01,  9.7284e-01,
        -4.6816e-01,  3.3808e-01, -2.1372e+00,  4.9835e-02,  8.8417e-01,
        -1.9129e-01, -1.0969e-01,  6.0350e-02,  4.3803e-01,  1.9042e+00,
        -3.6120e-01, -8.0169e-01, -1.8891e-39,  3.4081e-01, -5.5096e-01,
        -8.8160e-01, -1.7121e+00, -1.4543e+00,  2.5170e+00, -1.0811e+00,
         8.9868e-01, -8.0555e-01, -4.0896e-01,  1.1347e-01,  3.3473e-01,
        -3.7158e-01, -9.5192e-01, -3.8550e-01,  5.1547e-01, -9.0777e-01,
        -2.4985e+00,  5.5127e-01, -3.7642e-01, -2.5199e+00, -6.8933e-39,
         1.3640e+00, -2.7077e-02,  1.2617e-01,  2.3184e-01, -1.6227e+00,
         2.8134e-01, -1.4933e+00, -2.1974e-01, -1.6285e-01,  7.2312e-01,
        -3.6750e-01,  3.3535e-39, -2.4439e-39,  4.0159e-39, -1.1142e+00,
        -5.9566e-01, -5.5680e-01,  1.5384e-01,  1.3049e+00, -6.4349e-39,
        -7.4594e-01, -9.3599e-01, -4.2410e-39, -2.3343e-38,  2.3824e-01,
        -2.1131e+00,  2.5362e-39,  1.2432e+00, -8.6485e-01, -9.7019e-01,
        -6.9096e-01,  2.5796e-01, -1.2473e+00, -1.0571e-01,  2.1604e-39,
        -7.4825e-01,  7.8759e-01,  2.1258e+00, -2.8717e-01, -8.0051e-01,
        -1.5172e+00,  5.1236e-01, -2.1633e+00, -1.1904e+00, -1.8034e+00,
         3.8645e-02,  1.1325e+00,  7.3296e-02,  1.2914e-01, -4.7566e-01,
         1.1255e+00, -4.9776e-01, -4.9788e-01, -3.2864e-02,  2.8547e-01,
         7.9281e-01,  2.1775e+00, -1.8900e+00,  1.1790e-01, -1.5653e+00,
         1.0817e-01,  2.3953e-01,  1.0793e+00,  1.5302e+00, -1.0820e+00,
        -5.4860e-13,  4.6695e-01, -1.2677e-01,  5.2384e-01, -1.4177e+00,
        -8.4730e-01, -1.6749e+00, -1.9374e-39, -1.5752e+00, -3.3565e-17,
        -8.8520e-01,  6.6467e-01,  1.8699e-02,  1.0178e+00, -5.1615e-01,
        -1.4545e+00,  1.3483e-01,  6.0452e-01, -1.1826e+00,  1.0763e+00,
        -2.1529e+00,  4.8323e-01, -2.0977e+00, -1.8579e-01, -2.0385e+00,
         6.1553e-01,  2.0482e+00, -1.4935e-38,  6.4317e-02,  1.0100e-01,
        -2.1312e+00, -2.0753e+00,  1.8631e-01, -1.5552e+00, -1.3775e+00,
         2.7062e+00,  4.8068e-01,  1.1301e+00, -1.2121e+00,  2.3106e-39,
        -2.8766e-01, -3.3267e-40, -9.7731e-01, -4.2788e-01, -5.3886e-01,
        -4.7157e-01, -3.9763e-01,  1.3158e-01,  7.6806e-01,  6.3509e-01,
        -2.4084e+00, -7.1896e-01, -6.0000e-01, -1.7390e-01,  5.0781e-01,
         1.8398e+00, -1.6498e+00, -6.5565e-01, -5.6723e-01, -8.2748e-01,
         9.5889e-01, -1.7445e-39,  2.5898e+00, -1.3794e+00, -1.5047e+00,
        -1.1204e+00, -3.9134e-02, -2.0194e-01, -7.5277e-05, -4.1179e-01,
        -5.8374e-01,  1.0020e+00,  2.1540e+00, -8.7468e-01, -1.6438e+00,
        -1.1660e-38, -1.0944e+00,  9.5460e-01, -1.2118e-01, -9.6077e-01,
         9.8619e-01,  9.5619e-01, -2.0629e+00, -3.0457e-06,  4.1239e-01,
         2.4587e-03,  1.1967e+00,  4.4656e-31,  5.3162e-01,  1.3537e+00,
         1.5594e-01, -3.8791e-01, -6.4737e-01,  1.3131e-01, -5.7214e-03,
         1.1706e+00,  1.0441e+00,  3.7290e-01,  7.2143e-01, -1.1597e+00,
        -3.2831e-01, -2.6836e-03,  2.6845e-01,  1.3513e-01, -1.1102e-01,
        -2.1530e+00,  1.1915e+00,  1.3292e+00,  2.2324e+00, -3.4264e-01,
         6.8093e-01, -1.6606e+00, -8.5174e-01,  8.5860e-01, -1.7185e-01,
        -1.4324e+00, -2.0547e+00,  4.3603e-01, -1.8380e-01, -1.4156e+00,
        -1.0060e+00,  1.1845e+00,  2.2282e-18, -7.5420e-01, -1.6780e-01,
         1.1539e+00,  1.1253e+00,  8.0573e-01,  2.2323e+00,  4.6543e-01,
        -4.3418e-01,  2.4749e-01, -7.8608e-01, -2.7143e-01, -1.1192e+00,
        -4.3512e-01, -4.0087e-01, -1.2213e+00, -3.9790e-01,  1.5441e+00,
         4.8806e-01,  6.1524e-02, -1.6980e+00,  1.8703e-01,  1.3907e+00,
        -9.3898e-01, -1.5774e-01,  8.7536e-01,  3.1040e-01, -9.2223e-01,
        -2.5660e+00, -4.5842e-01,  1.4565e-01, -2.8553e-01, -3.2387e+00,
         4.9539e-01, -1.1997e+00, -8.5037e-01,  2.2476e+00,  5.7721e-01,
        -2.3006e+00, -1.4667e+00,  1.9421e-01,  1.2532e+00,  3.4913e-01,
        -7.4972e-40, -1.9864e+00,  1.3130e-01, -1.9098e-02,  8.1627e-01,
         7.8925e-01,  1.7592e-21,  1.4909e+00, -1.1244e+00, -4.7183e-39,
         2.1874e+00, -1.5174e+00, -4.1538e-35, -1.3001e+00, -7.9431e-01,
         3.4939e-01,  1.5999e+00, -1.0892e+00, -1.1758e+00,  1.1209e+00,
        -1.8657e+00,  2.7097e+00, -1.0481e+00, -1.8525e-01, -2.7076e+00,
        -2.0565e+00, -2.0812e+00, -7.3324e-02,  1.2045e+00,  9.5599e-02,
         1.0409e+00, -3.1625e+00, -5.8077e-01,  1.4256e+00, -1.7041e+00,
        -2.2813e+00, -8.7498e-01, -3.8240e-01, -6.0545e-01, -3.9523e-01,
        -1.8871e-01, -2.3595e-01,  2.7452e-01,  1.0885e+00, -1.0975e+00,
         1.5724e-01, -2.9611e-01, -1.0895e+00,  2.3370e-01, -6.1842e-01,
        -1.4228e+00,  8.4537e-01, -1.7480e-01, -2.6098e+00,  8.2324e-01,
        -9.7045e-01, -7.8769e-01,  9.0551e-01, -3.3517e-01, -1.5030e+00,
        -1.9619e-40,  8.3570e-01,  1.3114e+00,  2.3487e-01,  8.9294e-01,
        -9.0383e-39, -1.0526e+00,  6.7655e-01, -2.4096e+00,  2.4537e-39,
         3.7376e-01,  4.8672e-01, -6.3003e-01, -2.4373e-01, -8.5131e-02,
         1.1695e+00,  1.1098e+00, -8.8084e-01, -1.9238e+00,  2.7340e-20,
        -1.2415e-39, -2.2501e+00,  4.1064e-02, -1.0527e+00, -8.9354e-04,
        -1.5311e+00,  1.3990e+00, -8.2403e-01,  2.4390e-01, -1.2454e+00,
        -7.4559e-02, -2.4456e+00, -3.4084e-01, -3.3670e+00, -5.1632e-01,
         1.3263e-39, -3.4432e-01,  7.5508e-01,  3.8167e-01, -8.1635e-01,
         6.8881e-01, -4.2216e-01, -1.7861e+00,  1.7996e+00,  4.2372e-01,
         1.5705e+00, -2.0898e+00, -6.0188e-02,  1.6492e-01,  1.4703e-02,
         4.3029e-01, -2.4288e+00,  6.8226e-39,  1.0270e+00,  1.9672e-02,
        -2.2412e+00, -1.0669e-38, -1.4167e+00,  2.1063e-05,  1.1091e-01,
        -1.2723e-01, -3.0184e-39, -1.7523e-39, -7.7360e-01, -6.9741e-01,
        -9.2318e-01, -1.0578e+00, -2.4961e+00,  3.6410e-01,  7.7965e-01,
        -6.7194e-01,  5.7319e-01, -5.4628e-01,  1.0948e+00, -3.0109e-01,
        -8.9636e-01, -1.0838e+00, -5.9744e-01, -5.1980e-01,  9.8624e-01,
        -1.3342e+00, -1.8408e+00,  1.4368e+00, -1.0549e-01,  1.8028e+00,
        -2.9072e+00, -2.1043e+00, -4.7509e-01,  3.9886e-01, -1.7814e-01,
        -7.4502e-01, -1.6703e-39,  9.9385e-01, -1.1579e+00,  8.4608e-01,
        -5.8253e-01, -8.0567e-02], device='mps:0')), ('convolutional_network.7.running_var', tensor([4.7878e+00, 6.2042e+00, 5.3471e+00, 7.8611e+00, 6.1361e+00, 1.1210e+01,
        5.0155e+00, 3.4724e+00, 9.8793e+00, 6.0107e+00, 9.6303e+00, 7.2937e+00,
        7.8618e+00, 7.1300e+00, 5.6052e-45, 8.3208e+00, 5.6052e-45, 1.8337e+00,
        2.4211e+00, 7.3067e+00, 8.1994e+00, 7.8752e+00, 1.9713e+00, 5.9363e+00,
        2.4229e+00, 7.9879e+00, 6.2776e+00, 6.6454e+00, 7.9932e+00, 6.7652e+00,
        7.5008e+00, 5.6052e-45, 2.4862e-03, 5.6052e-45, 7.2214e+00, 4.6724e+00,
        9.3478e+00, 6.9867e+00, 5.6875e+00, 8.2761e+00, 2.8855e-09, 9.2389e+00,
        8.1562e+00, 7.2348e+00, 2.7958e+00, 1.9001e-02, 6.3172e+00, 6.4961e+00,
        5.3495e+00, 7.9236e+00, 8.3632e+00, 5.7411e+00, 9.8911e+00, 5.6052e-45,
        7.7512e+00, 8.4810e+00, 6.3846e+00, 5.7044e+00, 5.6052e-45, 5.6052e-45,
        2.9101e+00, 6.0250e+00, 6.5043e+00, 7.4442e+00, 4.8760e+00, 7.2713e+00,
        6.7321e+00, 8.4327e+00, 1.5198e+00, 5.4754e+00, 6.7879e+00, 6.3318e+00,
        5.6052e-45, 7.3629e+00, 6.3048e+00, 8.8153e+00, 5.6052e-45, 9.6174e-01,
        9.0651e+00, 4.0412e+00, 8.9180e+00, 3.5114e+00, 1.6858e+00, 5.3877e-07,
        7.3198e+00, 6.9797e+00, 8.3910e+00, 7.3566e-31, 6.8677e-01, 1.9561e+00,
        1.0451e+01, 1.2316e+00, 9.7149e+00, 3.5893e-03, 2.7818e+00, 6.5443e+00,
        7.9548e+00, 7.9860e+00, 7.6486e+00, 9.3614e+00, 4.3452e+00, 1.0570e+01,
        5.6052e-45, 5.4926e+00, 7.9305e+00, 7.5854e+00, 8.2019e+00, 9.3120e+00,
        5.7748e+00, 7.7085e+00, 5.7270e+00, 1.0897e+01, 9.5129e+00, 1.0181e+01,
        9.7670e+00, 5.2858e+00, 7.0551e+00, 8.1784e+00, 9.2990e+00, 5.9397e+00,
        6.4252e+00, 6.6938e+00, 7.6455e+00, 8.3770e+00, 5.6052e-45, 1.9092e+00,
        3.2241e+00, 8.9815e+00, 6.2213e+00, 5.1269e+00, 7.8218e+00, 7.5842e+00,
        4.6543e+00, 4.3658e-02, 1.0472e+01, 7.6885e+00, 5.6052e-45, 5.6052e-45,
        5.6052e-45, 6.6255e+00, 6.4530e+00, 7.4788e+00, 6.1903e+00, 8.2175e+00,
        5.6052e-45, 6.4258e+00, 6.8700e+00, 5.6052e-45, 5.6052e-45, 3.6891e-01,
        7.3058e+00, 5.6052e-45, 9.2414e+00, 8.1571e+00, 8.3650e+00, 6.9732e+00,
        5.8626e+00, 6.5186e+00, 6.5068e+00, 5.6052e-45, 7.1377e+00, 7.9819e+00,
        7.6973e+00, 5.5526e+00, 7.0912e+00, 6.8497e+00, 7.6459e+00, 6.6375e+00,
        6.7227e+00, 6.9408e+00, 5.3707e+00, 5.9079e+00, 6.7280e+00, 5.7249e+00,
        8.6306e+00, 1.8368e+00, 3.6859e+00, 9.4645e+00, 9.3177e+00, 6.7179e+00,
        7.2694e+00, 2.2058e+00, 7.6756e+00, 2.2429e-01, 4.4977e+00, 6.8214e+00,
        1.1292e+01, 4.6189e+00, 3.2887e+00, 7.4013e+00, 3.0906e-24, 6.6360e+00,
        6.8496e+00, 6.6136e+00, 4.4891e+00, 7.1928e+00, 6.4908e+00, 5.6052e-45,
        5.8925e+00, 5.1113e-33, 8.1107e+00, 3.7172e+00, 1.8131e+00, 3.9453e+00,
        4.9050e+00, 1.2723e+00, 1.1086e+01, 6.2533e+00, 6.6358e+00, 8.8580e+00,
        9.3718e+00, 8.1119e+00, 4.9929e+00, 4.0916e-02, 9.1721e+00, 8.6482e+00,
        1.0931e+01, 5.6052e-45, 2.2596e+00, 6.9488e+00, 8.2114e+00, 1.1585e+01,
        5.8077e+00, 8.9027e+00, 1.6357e+00, 5.9782e+00, 9.4189e+00, 4.8173e+00,
        1.0723e+01, 5.6052e-45, 6.3801e+00, 5.6052e-45, 7.4976e+00, 4.6247e-01,
        4.5709e+00, 1.1133e+01, 8.1374e+00, 4.6929e+00, 4.6148e+00, 4.3355e+00,
        9.3786e+00, 6.9525e+00, 7.0901e+00, 3.4724e-01, 7.5488e+00, 2.9575e+00,
        7.7864e+00, 6.4928e+00, 8.3780e+00, 7.7499e+00, 2.4018e+00, 5.6052e-45,
        6.3526e+00, 8.5953e+00, 9.3619e+00, 4.3785e+00, 3.8353e-01, 9.7811e+00,
        1.9583e-08, 8.2407e+00, 7.6496e+00, 5.1079e+00, 4.3902e+00, 8.4559e+00,
        7.4960e+00, 5.6052e-45, 6.1757e+00, 2.4897e+00, 9.7597e+00, 9.0096e+00,
        8.3634e+00, 7.3131e+00, 5.3565e+00, 1.2407e-09, 3.7659e+00, 6.9383e+00,
        1.0189e+01, 5.6052e-45, 7.8850e+00, 2.4598e+00, 6.4074e+00, 5.3788e+00,
        2.5053e+00, 4.4480e+00, 5.6684e+00, 9.9284e+00, 7.4502e+00, 5.5891e+00,
        3.9119e+00, 5.9597e+00, 6.8216e+00, 8.7192e-04, 2.3794e+00, 8.0134e+00,
        7.1479e+00, 9.0976e+00, 5.6046e+00, 7.5284e+00, 7.1404e+00, 8.2145e+00,
        8.5965e+00, 9.2998e+00, 7.1098e+00, 1.0217e+01, 5.0062e+00, 7.0091e+00,
        6.4379e+00, 1.2600e+00, 6.4384e+00, 7.7650e+00, 8.1676e+00, 7.5751e+00,
        6.3163e-35, 2.3005e+00, 6.2388e+00, 6.8931e+00, 2.7692e+00, 4.8825e+00,
        7.1917e+00, 6.2017e+00, 1.3354e-01, 4.0863e+00, 6.3051e+00, 8.7029e+00,
        8.0605e+00, 4.6467e+00, 5.8916e+00, 5.9245e+00, 9.4598e+00, 6.9773e+00,
        4.4265e+00, 2.5449e-02, 8.6985e+00, 5.0611e+00, 6.9010e+00, 8.7141e+00,
        7.9526e+00, 6.3932e+00, 6.1086e+00, 6.9955e+00, 7.2330e+00, 6.0634e+00,
        5.1078e+00, 7.9567e+00, 8.6018e+00, 5.6369e+00, 7.9989e+00, 5.1076e+00,
        3.7803e+00, 8.1010e+00, 7.8818e+00, 8.7773e+00, 9.3321e+00, 6.8678e+00,
        9.3588e+00, 5.6052e-45, 8.8982e+00, 1.2676e+01, 8.2491e-04, 6.6353e+00,
        6.4988e+00, 7.9169e-41, 7.5699e+00, 2.6158e+00, 5.6052e-45, 7.7260e+00,
        7.6123e+00, 5.6052e-45, 1.1400e+01, 5.3406e+00, 7.8698e-01, 2.0892e+00,
        8.6093e+00, 9.5845e+00, 6.2810e-01, 1.0242e+01, 7.9616e+00, 9.1292e+00,
        1.1790e+01, 7.0717e+00, 9.0846e+00, 8.7951e+00, 6.7164e+00, 8.6259e+00,
        7.4651e+00, 8.2001e+00, 7.8162e+00, 9.6506e+00, 1.0602e+01, 9.8703e+00,
        1.1697e+01, 8.3924e+00, 9.7735e+00, 4.1424e+00, 6.1469e+00, 2.7825e+00,
        7.1570e+00, 6.0699e+00, 7.4949e+00, 8.1206e+00, 6.5303e+00, 6.1114e-01,
        6.3529e+00, 1.4114e+00, 6.4972e+00, 5.5410e+00, 3.0655e+00, 5.1876e+00,
        7.6438e+00, 8.8953e+00, 7.8984e+00, 9.8604e+00, 7.3438e+00, 8.0640e+00,
        8.2594e+00, 5.6052e-45, 1.5563e+00, 8.8329e+00, 9.1307e+00, 3.8156e+00,
        5.6052e-45, 9.8006e+00, 8.3137e+00, 9.5447e+00, 5.6052e-45, 9.1361e+00,
        8.7500e+00, 8.3499e+00, 5.5746e+00, 5.8874e+00, 4.4992e+00, 1.0139e+01,
        7.6526e+00, 7.6588e+00, 7.6775e-39, 5.6052e-45, 8.8238e+00, 1.1707e+00,
        6.7627e+00, 1.0424e-05, 7.1636e+00, 1.5345e+00, 5.7734e+00, 5.3286e+00,
        8.8304e+00, 6.4760e+00, 7.9022e+00, 1.5419e+00, 8.5211e+00, 5.5268e+00,
        5.6052e-45, 7.1721e+00, 7.9333e+00, 7.2647e+00, 7.7976e+00, 9.0572e+00,
        8.2641e+00, 8.4986e+00, 7.5822e+00, 5.5621e+00, 6.6153e+00, 9.6404e+00,
        3.4858e-03, 6.7749e+00, 9.9749e-02, 4.2973e+00, 8.0876e+00, 5.6052e-45,
        8.4953e+00, 6.2522e+00, 6.4286e+00, 5.6052e-45, 9.3177e+00, 2.2329e-09,
        4.7895e+00, 9.4047e+00, 5.6052e-45, 5.6052e-45, 8.8253e+00, 7.1856e+00,
        6.8240e+00, 9.4170e+00, 4.2640e+00, 7.5747e+00, 1.0278e+01, 5.7134e+00,
        4.7438e+00, 7.9043e+00, 1.3884e+00, 5.9397e+00, 9.2967e+00, 5.7289e+00,
        6.3677e+00, 6.3707e+00, 5.3378e+00, 8.4780e+00, 9.2330e+00, 7.4677e+00,
        4.0770e-02, 8.9459e+00, 5.6845e+00, 8.7362e+00, 4.9411e+00, 8.4567e+00,
        8.7619e+00, 1.1024e+01, 5.6052e-45, 5.8862e+00, 8.9188e+00, 4.0749e+00,
        8.9474e+00, 3.9556e+00], device='mps:0')), ('convolutional_network.7.num_batches_tracked', tensor(270271, device='mps:0')), ('dense_network.0.weight', tensor([[ 4.9731e-40,  1.3939e-38, -4.9291e-40,  ..., -4.9092e-40,
          4.9175e-40,  8.5558e-31],
        [-3.6456e-06,  9.5508e-03,  2.6539e-02,  ..., -3.1533e-02,
         -9.2946e-06, -6.5598e-02],
        [-6.0268e-40,  5.2018e-40, -5.7080e-40,  ...,  5.0764e-40,
         -5.9656e-40, -6.1604e-40],
        ...,
        [-9.4776e-03, -2.5254e-04,  4.7001e-03,  ...,  5.5709e-02,
          3.7423e-04, -2.1489e-01],
        [ 5.2929e-40, -1.2108e-05, -5.1354e-40,  ..., -3.5618e-06,
          5.0384e-40, -1.1480e-03],
        [ 1.8100e-04, -5.3891e-02,  1.0776e-02,  ..., -1.5422e-01,
          2.2265e-02,  6.1281e-03]], device='mps:0')), ('dense_network.0.bias', tensor([5.9044e-40, 5.0472e-08, 5.1808e-40,  ..., 3.4705e-06, 5.1723e-40,
        5.5101e-08], device='mps:0')), ('dense_network.1.weight', tensor([0.0020, 0.2586, -0.0000,  ..., 0.4633, 0.0214, 0.3294], device='mps:0')), ('dense_network.1.bias', tensor([-5.5935e-03, -1.4905e-01, -1.9590e-12,  ...,  7.4121e-02,
        -6.2427e-02,  3.3158e-02], device='mps:0')), ('dense_network.1.running_mean', tensor([-1.0293e-05,  1.1634e+00, -6.2566e-39,  ..., -2.7841e+00,
         3.8078e-02, -3.7808e+00], device='mps:0')), ('dense_network.1.running_var', tensor([4.2227e-10, 1.0009e+01, 5.6052e-45,  ..., 9.8368e+01, 7.8020e-03,
        7.2459e+01], device='mps:0')), ('dense_network.1.num_batches_tracked', tensor(270271, device='mps:0')), ('dense_network.2.weight', tensor([[ 5.4920e-03, -9.3645e-02, -4.9410e-40,  ..., -5.4760e-01,
         -9.4107e-03,  3.8731e-02],
        [ 9.0843e-03, -1.4482e-01,  5.2428e-40,  ..., -7.3652e-01,
         -6.6439e-04, -2.0699e-01],
        [-3.9619e-03,  4.0524e-03, -4.9548e-40,  ..., -5.3953e-01,
         -2.9497e-02,  1.2296e-01],
        ...,
        [-6.7173e-03, -3.1238e-01,  5.3821e-40,  ...,  6.0093e-02,
          1.0109e-02, -6.0025e-01],
        [-9.3517e-03, -3.9667e-02, -5.1236e-40,  ..., -1.3367e-01,
          4.8935e-23, -2.5248e-01],
        [-9.1115e-04, -1.1278e-01, -5.0205e-40,  ..., -4.3894e-02,
         -8.5418e-08, -3.5858e-01]], device='mps:0')), ('dense_network.2.bias', tensor([ 3.6003e-02, -1.9801e-01, -4.4748e-01, -1.0286e-01,  9.3479e-03,
         5.3106e-02, -1.0856e-01,  5.2790e-02, -1.4624e-01, -2.9371e-02,
         1.3841e-02, -8.0803e-02,  4.8067e-02,  1.6896e-01,  9.6953e-02,
        -1.4979e-01,  3.0655e-03,  2.0073e-04, -6.1987e-02,  1.7666e-01,
        -1.4242e-01, -5.7063e-02, -7.1181e-02, -2.1289e-02,  7.7729e-02,
        -1.0647e-01, -1.7083e-02], device='mps:0'))])
